Apr 30, 2014 	

    2 9 11 19 50 32 

	
Apr 26, 2014 	

    3 7 22 30 33 20 

	
Apr 23, 2014 	

    19 25 29 36 48 12 

	
Apr 19, 2014 	

    5 6 29 35 51 21 

	
Apr 16, 2014 	

    34 39 42 44 59 8 

	
Apr 12, 2014 	

    14 26 45 54 55 20 

	
Apr 09, 2014 	

    9 14 44 48 49 29 

	
Apr 05, 2014 	

    11 21 26 33 34 29 

	
Apr 02, 2014 	

    8 13 19 22 53 24 

	
Mar 29, 2014 	

    2 3 12 27 38 17 

	
Mar 26, 2014 	

    28 33 41 44 59 21 

	
Mar 22, 2014 	

    13 28 31 55 58 15 

	
Mar 19, 2014 	

    2 19 23 34 43 14 

	
Mar 15, 2014 	

    2 5 34 51 58 9 

	
Mar 12, 2014 	

    14 15 28 37 54 10 

	
Mar 08, 2014 	

    10 14 24 32 41 30 

	
Mar 05, 2014 	

    3 7 9 26 54 19 

	
Mar 01, 2014 	

    3 8 25 30 47 13 

	
Feb 26, 2014 	

    11 12 17 38 42 2 

	
Feb 22, 2014 	

    2 3 13 14 54 4 

	
Feb 19, 2014 	

    1 17 35 49 54 34 

	
Feb 15, 2014 	

    2 9 14 21 23 3 

	
Feb 12, 2014 	

    36 44 49 52 57 1 

	
Feb 08, 2014 	

    24 25 34 37 54 29 

	
Feb 05, 2014 	

    8 17 32 57 59 24 

	
Feb 01, 2014 	

    5 12 15 27 38 7 

	
Jan 29, 2014 	

    11 23 28 32 47 20 

	
Jan 25, 2014 	

    8 12 18 55 57 2 

	
Jan 22, 2014 	

    1 2 7 9 55 29 

	
Jan 18, 2014 	

    13 14 19 31 38 25 

	
Jan 15, 2014 	

    7 8 9 24 29 25 

	
Jan 11, 2014 	

    10 15 33 48 54 34 

	
Jan 08, 2014 	

    10 28 39 47 58 22 

	
Jan 04, 2014 	

    19 20 37 41 58 14 

	
Jan 01, 2014 	

    15 24 40 48 52 23 


Dec 28, 2013 	

    8 35 44 51 56 18 

	
Dec 25, 2013 	

    23 28 38 39 56 32 

	
Dec 21, 2013 	

    25 36 40 45 51 8 

	
Dec 18, 2013 	

    7 24 37 39 40 1 

	
Dec 14, 2013 	

    14 25 32 33 41 34 

	
Dec 11, 2013 	

    1 10 13 18 19 27 

	
Dec 07, 2013 	

    13 20 32 45 48 17 

	
Dec 04, 2013 	

    6 9 11 31 44 25 

	
Nov 30, 2013 	

    5 26 44 45 57 29 

	
Nov 27, 2013 	

    18 25 50 55 57 17 

	
Nov 23, 2013 	

    5 12 43 52 55 10 

	
Nov 20, 2013 	

    4 18 23 32 45 7 

	
Nov 16, 2013 	

    10 29 37 44 59 10 

	
Nov 13, 2013 	

    5 31 50 55 56 9 

	
Nov 09, 2013 	

    3 9 37 49 56 32 

	
Nov 06, 2013 	

    1 5 10 15 49 22 

	
Nov 02, 2013 	

    13 23 24 27 40 17 

	
Oct 30, 2013 	

    2 36 40 49 54 10 

	
Oct 26, 2013 	

    4 6 34 49 56 29 

	
Oct 23, 2013 	

    3 23 31 34 47 13 

	
Oct 19, 2013 	

    9 33 54 56 57 5 

	
Oct 16, 2013 	

    3 26 28 34 42 28 

	
Oct 12, 2013 	

    8 10 26 57 58 4 

	
Oct 09, 2013 	

    3 9 19 33 38 18 

	
Oct 05, 2013 	

    11 12 17 39 40 5 

	
Oct 02, 2013 	

    4 6 25 42 51 17 

	
Sep 28, 2013 	

    14 47 52 53 54 5 

	
Sep 25, 2013 	

    2 7 17 49 53 23 

	
Sep 21, 2013 	

    12 17 45 54 58 13 

	
Sep 18, 2013 	

    7 10 22 32 35 19 

	
Sep 14, 2013 	

    1 17 25 37 44 20 

	
Sep 11, 2013 	

    11 19 33 42 52 33 

	
Sep 07, 2013 	

    2 19 22 26 45 24 

	
Sep 04, 2013 	

    2 9 26 45 47 11 

	
Aug 31, 2013 	

    2 7 25 40 56 20 

	
Aug 28, 2013 	

    6 7 9 19 32 13 

	
Aug 24, 2013 	

    12 17 25 45 59 19 

	
Aug 21, 2013 	

    30 40 42 46 48 23 

	
Aug 17, 2013 	

    18 21 46 54 56 23 

	
Aug 14, 2013 	

    4 11 17 43 51 20 

	
Aug 10, 2013 	

    4 12 14 37 58 13 

	
Aug 07, 2013 	

    5 25 30 58 59 32 

	
Aug 03, 2013 	

    21 24 36 42 45 15 

	
Jul 31, 2013 	

    8 24 39 49 59 5 

	
Jul 27, 2013 	

    9 23 40 53 58 6 

	
Jul 24, 2013 	

    9 29 40 44 54 7 

	
Jul 20, 2013 	

    14 25 27 38 58 6 

	
Jul 17, 2013 	

    1 22 34 38 42 17 

	
Jul 13, 2013 	

    2 8 22 35 37 6 

	
Jul 10, 2013 	

    30 31 45 55 59 27 

	
Jul 06, 2013 	

    2 13 35 36 52 11 

	
Jul 03, 2013 	

    3 6 29 40 51 4 

	
Jun 29, 2013 	

    8 28 30 53 56 16 

	
Jun 26, 2013 	

    1 18 33 39 46 33 

	
Jun 22, 2013 	

    13 19 23 33 57 28 

	
Jun 19, 2013 	

    7 46 47 52 57 17 

	
Jun 15, 2013 	

    28 36 40 48 55 1 

	
Jun 12, 2013 	

    16 22 23 42 55 32 

	
Jun 08, 2013 	

    2 11 22 26 32 19 

	
Jun 05, 2013 	

    4 26 33 36 55 32 

	
Jun 01, 2013 	

    22 28 33 53 59 14 

	
May 29, 2013 	

    9 14 17 49 57 2 

	
May 25, 2013 	

    2 6 19 21 27 25 

	
May 22, 2013 	

    9 31 35 41 57 26 

	
May 18, 2013 	

    10 13 14 22 52 11 

	
May 15, 2013 	

    2 11 26 34 41 32 

	
May 11, 2013 	

    6 13 19 23 43 16 

	
May 08, 2013 	

    21 22 26 30 57 27 

	
May 04, 2013 	

    7 12 26 36 40 17 

	
May 01, 2013 	

    22 26 31 54 55 18 

	
Apr 27, 2013 	

    3 23 48 54 55 5 

	
Apr 24, 2013 	

    9 19 31 56 59 2 

	
Apr 20, 2013 	

    6 8 30 39 48 20 

	
Apr 17, 2013 	

    13 18 36 48 58 28 

	
Apr 13, 2013 	

    10 12 31 56 57 33 

	
Apr 10, 2013 	

    1 36 40 52 53 20 

	
Apr 06, 2013 	

    4 7 8 29 39 24 

	
Apr 03, 2013 	

    1 6 8 12 35 3 

	
Mar 30, 2013 	

    11 23 26 46 55 27 

	
Mar 27, 2013 	

    7 37 43 48 52 16 

	
Mar 23, 2013 	

    17 29 31 52 53 31 

	
Mar 20, 2013 	

    13 14 17 43 54 15 

	
Mar 16, 2013 	

    3 7 21 44 53 16 

	
Mar 13, 2013 	

    5 9 28 32 38 29 

	
Mar 09, 2013 	

    10 37 40 46 52 12 

	
Mar 06, 2013 	

    6 10 23 41 45 1 

	
Mar 02, 2013 	

    3 8 13 41 56 16 

	
Feb 27, 2013 	

    3 14 20 34 48 21 

	
Feb 23, 2013 	

    2 5 31 39 41 29 

	
Feb 20, 2013 	

    3 17 19 25 32 17 

	
Feb 16, 2013 	

    15 16 46 50 58 29 

	
Feb 13, 2013 	

    12 23 25 27 43 29 

	
Feb 09, 2013 	

    5 6 16 36 58 3 

	
Feb 06, 2013 	

    5 27 36 38 41 12 

	
Feb 02, 2013 	

    11 16 33 40 41 34 

	
Jan 30, 2013 	

    14 16 32 47 52 16 

	
Jan 26, 2013 	

    3 22 26 41 49 18 

	
Jan 23, 2013 	

    11 12 24 43 45 9 

	
Jan 19, 2013 	

    8 28 29 34 38 35 

	
Jan 16, 2013 	

    9 21 28 32 51 35 

	
Jan 12, 2013 	

    10 14 21 23 47 7 

	
Jan 09, 2013 	

    11 13 20 27 59 26 

	
Jan 05, 2013 	

    26 30 49 51 54 25 

	
Jan 02, 2013 	

    18 20 28 35 53 20 


Dec 29, 2012 	

    36 46 50 52 55 14 

	
Dec 26, 2012 	

    11 13 23 43 54 4 

	
Dec 22, 2012 	

    1 18 35 39 44 11 

	
Dec 19, 2012 	

    5 8 20 23 30 3 

	
Dec 15, 2012 	

    15 23 40 44 55 14 

	
Dec 12, 2012 	

    8 10 25 36 44 28 

	
Dec 08, 2012 	

    7 23 26 40 53 21 

	
Dec 05, 2012 	

    13 17 19 27 38 12 

	
Dec 01, 2012 	

    3 10 19 36 46 3 

	
Nov 28, 2012 	

    5 16 22 23 29 6 

	
Nov 24, 2012 	

    22 32 37 44 50 34 

	
Nov 21, 2012 	

    8 18 24 30 39 26 

	
Nov 17, 2012 	

    3 15 27 58 59 20 

	
Nov 14, 2012 	

    8 10 30 44 58 13 

	
Nov 10, 2012 	

    32 42 50 54 55 32 

	
Nov 07, 2012 	

    32 34 45 52 58 20 

	
Nov 03, 2012 	

    4 7 9 30 54 25 

	
Oct 31, 2012 	

    1 27 31 45 48 5 

	
Oct 27, 2012 	

    22 32 34 36 56 33 

	
Oct 24, 2012 	

    3 18 21 23 50 4 

	
Oct 20, 2012 	

    4 21 28 31 44 10 

	
Oct 17, 2012 	

    1 7 10 23 42 35 

	
Oct 13, 2012 	

    2 5 25 26 49 18 

	
Oct 10, 2012 	

    18 26 29 35 43 28 

	
Oct 06, 2012 	

    15 26 34 36 59 35 

	
Oct 03, 2012 	

    17 23 36 55 59 10 

	
Sep 29, 2012 	

    14 18 28 29 57 8 

	
Sep 26, 2012 	

    13 26 39 41 42 10 

	
Sep 22, 2012 	

    2 16 18 40 42 33 

	
Sep 19, 2012 	

    1 5 8 39 50 23 

	
Sep 15, 2012 	

    3 20 26 43 48 1 

	
Sep 12, 2012 	

    24 33 36 48 56 6 

	
Sep 08, 2012 	

    6 20 34 44 48 29 

	
Sep 05, 2012 	

    4 19 26 42 51 29 

	
Sep 01, 2012 	

    8 11 21 44 49 22 

	
Aug 29, 2012 	

    25 28 49 54 56 28 

	
Aug 25, 2012 	

    1 6 7 20 49 23 

	
Aug 22, 2012 	

    22 29 31 47 55 19 

	
Aug 18, 2012 	

    14 26 41 55 59 1 

	
Aug 15, 2012 	

    6 27 46 51 56 21 

	
Aug 11, 2012 	

    4 13 39 46 51 1 

	
Aug 08, 2012 	

    3 7 11 15 28 12 

	
Aug 04, 2012 	

    19 30 48 53 55 18 

	
Aug 01, 2012 	

    3 16 48 56 58 4 

	
Jul 28, 2012 	

    5 6 13 36 50 13 

	
Jul 25, 2012 	

    3 14 35 38 46 16 

	
Jul 21, 2012 	

    9 31 38 54 56 20 

	
Jul 18, 2012 	

    2 5 20 23 57 3 

	
Jul 14, 2012 	

    4 16 32 37 46 13 

	
Jul 11, 2012 	

    5 22 36 49 55 23 

	
Jul 07, 2012 	

    3 5 29 39 59 29 

	
Jul 04, 2012 	

    14 19 35 39 56 33 

	
Jun 30, 2012 	

    7 15 20 41 44 22 

	
Jun 27, 2012 	

    6 34 40 46 58 6 

	
Jun 23, 2012 	

    1 3 41 44 53 30 

	
Jun 20, 2012 	

    11 17 29 56 57 14 

	
Jun 16, 2012 	

    8 14 15 16 27 26 

	
Jun 13, 2012 	

    7 10 14 33 57 18 

	
Jun 09, 2012 	

    18 22 45 56 57 27 

	
Jun 06, 2012 	

    19 30 33 48 59 27 

	
Jun 02, 2012 	

    9 10 17 29 45 33 

	
May 30, 2012 	

    9 10 24 52 56 14 

	
May 26, 2012 	

    13 14 41 49 59 14 

	
May 23, 2012 	

    4 7 26 53 59 32 

	
May 19, 2012 	

    8 13 35 46 51 30 

	
May 16, 2012 	

    3 7 21 28 43 2 

	
May 12, 2012 	

    10 24 35 53 58 22 

	
May 09, 2012 	

    1 7 11 55 56 1 

	
May 05, 2012 	

    9 12 20 44 59 23 

	
May 02, 2012 	

    7 8 33 38 50 29 

	
Apr 28, 2012 	

    31 39 40 57 58 33 

	
Apr 25, 2012 	

    4 25 29 34 43 29 

	
Apr 21, 2012 	

    6 8 20 42 51 16 

	
Apr 18, 2012 	

    20 22 39 46 49 29 

	
Apr 14, 2012 	

    14 15 16 19 24 2 

	
Apr 11, 2012 	

    16 23 42 44 47 2 

	
Apr 07, 2012 	

    5 13 17 20 30 18 

	
Apr 04, 2012 	

    1 24 33 45 49 6 

	
Mar 31, 2012 	

    5 14 36 54 58 27 

	
Mar 28, 2012 	

    11 16 29 50 58 33 

	
Mar 24, 2012 	

    1 15 35 37 47 8 

	
Mar 21, 2012 	

    32 43 53 55 56 6 

	
Mar 17, 2012 	

    11 14 49 55 58 30 

	
Mar 14, 2012 	

    1 8 41 46 59 24 

	
Mar 10, 2012 	

    5 14 17 20 41 5 

	
Mar 07, 2012 	

    12 35 45 46 47 12 

	
Mar 03, 2012 	

    29 30 45 47 49 35 

	
Feb 29, 2012 	

    1 4 11 23 26 14 

	
Feb 25, 2012 	

    6 11 42 53 54 7 

	
Feb 22, 2012 	

    7 16 17 39 51 32 

	
Feb 18, 2012 	

    23 28 50 56 59 5 

	
Feb 15, 2012 	

    11 12 32 52 56 11 

	
Feb 11, 2012 	

    1 10 37 52 57 11 

	
Feb 08, 2012 	

    17 28 38 39 51 33 

	
Feb 04, 2012 	

    15 23 43 45 56 7 

	
Feb 01, 2012 	

    8 13 17 34 59 35 

	
Jan 28, 2012 	

    5 33 41 54 59 13 

	
Jan 25, 2012 	

    4 19 28 29 47 5 

	
Jan 21, 2012 	

    12 24 43 44 45 7 

	
Jan 18, 2012 	

    6 29 34 44 50 28 

	
Jan 14, 2012 	

    10 30 36 38 41 1 

	
Jan 11, 2012 	

    5 19 29 45 47 25 

	
Jan 07, 2012 	

    3 21 24 38 39 24 

	
Jan 04, 2012 	

    21 35 46 47 50 2 


Dec 31, 2011 	

    5 23 25 28 40 34 

	
Dec 28, 2011 	

    16 21 27 41 45 14 

	
Dec 24, 2011 	

    14 16 30 51 52 19 

	
Dec 21, 2011 	

    10 13 15 31 54 18 

	
Dec 17, 2011 	

    13 28 49 51 59 33 

	
Dec 14, 2011 	

    2 24 46 52 56 19 

	
Dec 10, 2011 	

    4 19 33 41 59 9 

	
Dec 07, 2011 	

    3 14 20 39 40 37 

	
Dec 03, 2011 	

    5 18 33 43 45 8 

	
Nov 30, 2011 	

    2 6 34 35 47 22 

	
Nov 26, 2011 	

    20 37 39 45 55 28 

	
Nov 23, 2011 	

    4 30 35 57 59 25 

	
Nov 19, 2011 	

    9 16 17 28 30 11 

	
Nov 16, 2011 	

    13 22 25 39 51 28 

	
Nov 12, 2011 	

    4 35 36 51 56 8 

	
Nov 09, 2011 	

    5 35 57 58 59 12 

	
Nov 05, 2011 	

    2 33 39 40 43 26 

	
Nov 02, 2011 	

    12 14 34 39 46 36 

	
Oct 29, 2011 	

    11 16 40 51 56 38 

	
Oct 26, 2011 	

    1 18 21 39 55 6 

	
Oct 22, 2011 	

    3 8 23 30 58 13 

	
Oct 19, 2011 	

    16 26 35 52 58 2 

	
Oct 15, 2011 	

    5 10 24 38 43 1 

	
Oct 12, 2011 	

    10 12 23 43 47 18 

	
Oct 08, 2011 	

    3 27 35 37 45 31 

	
Oct 05, 2011 	

    7 20 43 46 54 17 

	
Oct 01, 2011 	

    1 12 23 27 43 31 

	
Sep 28, 2011 	

    30 41 50 51 53 8 

	
Sep 24, 2011 	

    3 4 12 27 44 26 

	
Sep 21, 2011 	

    12 47 48 52 55 13 

	
Sep 17, 2011 	

    6 20 22 32 43 11 

	
Sep 14, 2011 	

    16 41 42 50 59 5 

	
Sep 10, 2011 	

    4 19 22 32 53 24 

	
Sep 07, 2011 	

    3 5 18 27 54 13 

	
Sep 03, 2011 	

    15 25 52 53 54 2 

	
Aug 31, 2011 	

    13 19 35 47 57 29 

	
Aug 27, 2011 	

    2 12 25 54 58 14 

	
Aug 24, 2011 	

    9 13 47 49 53 39 

	
Aug 20, 2011 	

    2 17 23 28 47 36 

	
Aug 17, 2011 	

    18 28 31 48 52 37 

	
Aug 13, 2011 	

    9 12 35 50 58 4 

	
Aug 10, 2011 	

    11 18 36 41 46 38 

	
Aug 06, 2011 	

    25 30 54 57 59 6 

	
Aug 03, 2011 	

    13 19 21 28 49 11 

	
Jul 30, 2011 	

    20 40 41 47 55 19 

	
Jul 27, 2011 	

    38 40 41 51 59 33 

	
Jul 23, 2011 	

    1 7 27 38 48 30 

	
Jul 20, 2011 	

    1 4 38 40 42 17 

	
Jul 16, 2011 	

    24 28 48 50 54 25 

	
Jul 13, 2011 	

    8 18 19 32 54 8 

	
Jul 09, 2011 	

    1 9 11 23 31 6 

	
Jul 06, 2011 	

    11 15 24 50 55 8 

	
Jul 02, 2011 	

    1 11 18 29 51 32 

	
Jun 29, 2011 	

    24 30 45 57 59 26 

	
Jun 25, 2011 	

    18 36 39 41 57 12 

	
Jun 22, 2011 	

    12 15 19 46 59 12 

	
Jun 18, 2011 	

    12 21 22 38 41 18 

	
Jun 15, 2011 	

    19 20 38 41 43 29 

	
Jun 11, 2011 	

    16 18 27 36 50 8 

	
Jun 08, 2011 	

    14 37 44 45 53 29 

	
Jun 04, 2011 	

    17 19 39 41 58 21 

	
Jun 01, 2011 	

    8 18 38 46 56 31 

	
May 28, 2011 	

    12 20 43 51 55 11 

	
May 25, 2011 	

    4 23 31 42 50 23 

	
May 21, 2011 	

    2 8 40 49 50 36 

	
May 18, 2011 	

    7 12 13 42 49 16 

	
May 14, 2011 	

    8 17 18 40 44 16 

	
May 11, 2011 	

    9 17 32 43 45 31 

	
May 07, 2011 	

    2 11 27 47 55 15 

	
May 04, 2011 	

    3 15 27 29 41 24 

	
Apr 30, 2011 	

    6 13 15 32 41 3 

	
Apr 27, 2011 	

    4 24 40 44 55 5 

	
Apr 23, 2011 	

    3 11 47 48 58 19 

	
Apr 20, 2011 	

    9 24 34 36 43 27 

	
Apr 16, 2011 	

    21 33 44 45 55 7 

	
Apr 13, 2011 	

    4 23 39 49 50 39 

	
Apr 09, 2011 	

    5 14 32 53 56 11 

	
Apr 06, 2011 	

    10 18 41 55 56 15 

	
Apr 02, 2011 	

    6 22 34 43 45 23 

	
Mar 30, 2011 	

    19 20 42 56 58 37 

	
Mar 26, 2011 	

    4 10 11 19 33 27 

	
Mar 23, 2011 	

    5 15 26 28 32 9 

	
Mar 19, 2011 	

    3 11 20 27 46 8 

	
Mar 16, 2011 	

    28 39 40 48 53 9 

	
Mar 12, 2011 	

    1 4 12 41 47 3 

	
Mar 09, 2011 	

    12 20 28 40 48 8 

	
Mar 05, 2011 	

    2 23 31 42 48 21 

	
Mar 02, 2011 	

    7 31 50 51 58 6 

	
Feb 26, 2011 	

    4 13 17 21 45 10 

	
Feb 23, 2011 	

    29 32 36 39 49 29 

	
Feb 19, 2011 	

    3 12 34 37 42 36 

	
Feb 16, 2011 	

    9 13 21 23 48 24 

	
Feb 12, 2011 	

    11 32 36 48 52 19 

	
Feb 09, 2011 	

    7 11 39 42 51 30 

	
Feb 05, 2011 	

    15 37 41 56 59 5 

	
Feb 02, 2011 	

    3 14 33 53 57 36 

	
Jan 29, 2011 	

    24 28 45 49 52 2 

	
Jan 26, 2011 	

    4 5 36 47 58 6 

	
Jan 22, 2011 	

    30 31 34 45 51 23 

	
Jan 19, 2011 	

    22 36 51 56 59 32 

	
Jan 15, 2011 	

    9 13 22 23 37 31 

	
Jan 12, 2011 	

    19 21 23 40 48 27 

	
Jan 08, 2011 	

    6 7 26 33 52 24 

	
Jan 05, 2011 	

    22 26 32 38 40 7 

	
Jan 01, 2011 	

    18 22 37 47 54 36 


Dec 29, 2010 	

    3 16 18 20 37 30 

	
Dec 25, 2010 	

    1 17 38 50 52 24 

	
Dec 22, 2010 	

    11 33 44 46 47 12 

	
Dec 18, 2010 	

    4 11 19 33 43 14 

	
Dec 15, 2010 	

    10 11 18 32 45 18 

	
Dec 11, 2010 	

    1 8 10 19 20 23 

	
Dec 08, 2010 	

    8 11 25 41 58 16 

	
Dec 04, 2010 	

    13 24 27 31 42 22 

	
Dec 01, 2010 	

    5 10 11 12 20 2 

	
Nov 27, 2010 	

    10 30 37 47 54 39 

	
Nov 24, 2010 	

    8 20 21 32 37 4 

	
Nov 20, 2010 	

    10 12 38 53 57 1 

	
Nov 17, 2010 	

    14 16 53 54 59 5 

	
Nov 13, 2010 	

    17 30 48 51 54 29 

	
Nov 10, 2010 	

    5 8 11 40 44 10 

	
Nov 06, 2010 	

    7 12 23 34 38 33 

	
Nov 03, 2010 	

    34 38 39 45 50 33 

	
Oct 30, 2010 	

    1 7 27 36 49 39 

	
Oct 27, 2010 	

    20 24 25 53 59 15 

	
Oct 23, 2010 	

    2 7 16 20 46 34 

	
Oct 20, 2010 	

    7 17 20 39 59 17 

	
Oct 16, 2010 	

    11 12 15 16 28 11 

	
Oct 13, 2010 	

    12 22 32 34 46 2 

	
Oct 09, 2010 	

    2 6 32 42 49 35 

	
Oct 06, 2010 	

    14 26 37 41 46 24 

	
Oct 02, 2010 	

    12 20 30 36 47 25 

	
Sep 29, 2010 	

    13 44 51 52 55 30 

	
Sep 25, 2010 	

    8 16 27 35 42 30 

	
Sep 22, 2010 	

    10 24 36 52 55 15 

	
Sep 18, 2010 	

    1 18 37 39 44 13 

	
Sep 15, 2010 	

    7 20 21 34 43 34 

	
Sep 11, 2010 	

    7 17 20 36 59 33 

	
Sep 08, 2010 	

    10 35 39 51 57 20 

	
Sep 04, 2010 	

    11 14 22 33 42 38 

	
Sep 01, 2010 	

    17 20 21 40 51 19 

	
Aug 28, 2010 	

    4 22 27 32 56 13 

	
Aug 25, 2010 	

    16 17 29 31 36 23 

	
Aug 21, 2010 	

    7 10 12 22 27 26 

	
Aug 18, 2010 	

    4 32 33 47 55 39 

	
Aug 14, 2010 	

    9 33 36 50 58 31 

	
Aug 11, 2010 	

    7 10 22 23 52 29 

	
Aug 07, 2010 	

    4 22 26 31 52 30 

	
Aug 04, 2010 	

    19 28 30 37 53 36 

	
Jul 31, 2010 	

    1 16 17 41 57 15 

	
Jul 28, 2010 	

    1 11 20 25 27 2 

	
Jul 24, 2010 	

    20 30 38 46 59 27 

	
Jul 21, 2010 	

    16 22 30 51 58 25 

	
Jul 17, 2010 	

    22 27 35 37 45 3 

	
Jul 14, 2010 	

    20 21 23 38 42 6 

	
Jul 10, 2010 	

    20 21 27 28 56 4 

	
Jul 07, 2010 	

    10 41 44 48 56 4 

	
Jul 03, 2010 	

    3 10 14 52 53 3 

	
Jun 30, 2010 	

    6 38 43 47 48 27 

	
Jun 26, 2010 	

    13 30 32 38 57 25 

	
Jun 23, 2010 	

    11 30 45 47 48 10 

	
Jun 19, 2010 	

    9 30 31 50 54 39 

	
Jun 16, 2010 	

    8 11 18 29 36 6 

	
Jun 12, 2010 	

    9 12 13 35 38 30 

	
Jun 09, 2010 	

    14 22 27 32 49 5 

	
Jun 05, 2010 	

    18 34 40 48 59 25 

	
Jun 02, 2010 	

    4 9 14 39 43 38 

	
May 29, 2010 	

    1 3 24 28 41 10 

	
May 26, 2010 	

    1 6 10 13 20 32 

	
May 22, 2010 	

    19 20 40 47 57 29 

	
May 19, 2010 	

    2 7 29 55 58 27 

	
May 15, 2010 	

    15 21 23 28 36 20 

	
May 12, 2010 	

    37 51 52 53 58 38 

	
May 08, 2010 	

    5 22 34 41 57 31 

	
May 05, 2010 	

    13 34 40 47 57 11 

	
May 01, 2010 	

    16 23 25 49 58 20 

	
Apr 28, 2010 	

    12 22 25 28 44 24 

	
Apr 24, 2010 	

    1 12 53 56 57 5 

	
Apr 21, 2010 	

    11 34 41 49 55 20 

	
Apr 17, 2010 	

    5 21 22 41 49 15 

	
Apr 14, 2010 	

    6 14 32 38 52 20 

	
Apr 10, 2010 	

    21 22 49 52 58 34 

	
Apr 07, 2010 	

    4 36 40 44 52 33 

	
Apr 03, 2010 	

    10 15 31 52 59 4 

	
Mar 31, 2010 	

    5 13 17 45 54 12 

	
Mar 27, 2010 	

    7 21 32 44 52 10 

	
Mar 24, 2010 	

    14 20 24 39 49 7 

	
Mar 20, 2010 	

    9 36 39 44 45 9 

	
Mar 17, 2010 	

    24 26 45 48 55 8 

	
Mar 13, 2010 	

    6 16 20 31 36 8 

	
Mar 10, 2010 	

    17 21 37 41 50 1 

	
Mar 06, 2010 	

    10 29 33 41 59 15 

	
Mar 03, 2010 	

    7 9 14 45 49 23 

	
Feb 27, 2010 	

    18 47 51 53 58 30 

	
Feb 24, 2010 	

    4 17 35 50 57 12 

	
Feb 20, 2010 	

    13 27 37 41 54 32 

	
Feb 17, 2010 	

    7 8 19 26 36 15 

	
Feb 13, 2010 	

    10 14 30 40 51 1 

	
Feb 10, 2010 	

    5 8 29 37 38 34 

	
Feb 06, 2010 	

    14 22 52 54 59 4 

	
Feb 03, 2010 	

    17 22 36 37 52 24 

	
Jan 30, 2010 	

    6 26 35 47 48 21 

	
Jan 27, 2010 	

    6 15 20 26 31 9 

	
Jan 23, 2010 	

    15 16 20 42 53 17 

	
Jan 20, 2010 	

    15 32 43 44 46 19 

	
Jan 16, 2010 	

    7 8 23 41 55 23 

	
Jan 13, 2010 	

    8 11 15 32 50 27 

	
Jan 09, 2010 	

    20 41 44 50 54 22 

	
Jan 06, 2010 	

    20 27 29 56 58 31 

	
Jan 02, 2010 	

    3 7 23 27 42 37 


Dec 30, 2009 	

    5 14 38 39 52 6 

	
Dec 26, 2009 	

    32 36 37 41 53 30 

	
Dec 23, 2009 	

    8 32 49 51 52 23 

	
Dec 19, 2009 	

    17 24 39 41 47 21 

	
Dec 16, 2009 	

    13 23 25 35 43 15 

	
Dec 12, 2009 	

    12 13 14 35 41 29 

	
Dec 09, 2009 	

    1 5 12 13 58 21 

	
Dec 05, 2009 	

    27 39 41 44 58 17 

	
Dec 02, 2009 	

    14 34 37 46 55 37 

	
Nov 28, 2009 	

    26 27 28 46 50 21 

	
Nov 25, 2009 	

    4 13 18 49 59 5 

	
Nov 21, 2009 	

    7 26 36 49 58 4 

	
Nov 18, 2009 	

    32 42 50 58 59 31 

	
Nov 14, 2009 	

    19 30 32 48 57 14 

	
Nov 11, 2009 	

    8 12 14 22 29 22 

	
Nov 07, 2009 	

    7 32 37 46 50 26 

	
Nov 04, 2009 	

    10 11 14 45 51 17 

	
Oct 31, 2009 	

    2 19 26 41 54 23 

	
Oct 28, 2009 	

    3 11 26 46 51 23 

	
Oct 24, 2009 	

    14 22 38 49 59 16 

	
Oct 21, 2009 	

    6 16 34 45 51 4 

	
Oct 17, 2009 	

    5 16 25 30 49 39 

	
Oct 14, 2009 	

    5 15 25 30 40 6 

	
Oct 10, 2009 	

    13 32 45 49 50 30 

	
Oct 07, 2009 	

    2 20 21 38 50 22 

	
Oct 03, 2009 	

    12 24 48 50 57 22 

	
Sep 30, 2009 	

    41 42 52 54 57 30 

	
Sep 26, 2009 	

    18 20 34 36 39 19 

	
Sep 23, 2009 	

    7 8 20 25 29 11 

	
Sep 19, 2009 	

    5 24 25 30 49 23 

	
Sep 16, 2009 	

    17 37 40 51 56 25 

	
Sep 12, 2009 	

    13 28 38 41 56 25 

	
Sep 09, 2009 	

    4 16 18 51 53 23 

	
Sep 05, 2009 	

    9 16 27 35 57 29 

	
Sep 02, 2009 	

    18 23 36 47 59 36 

	
Aug 29, 2009 	

    1 20 37 52 53 33 

	
Aug 26, 2009 	

    1 21 23 30 43 11 

	
Aug 22, 2009 	

    3 6 20 32 51 23 

	
Aug 19, 2009 	

    14 24 31 43 51 27 

	
Aug 15, 2009 	

    14 15 26 32 36 12 

	
Aug 12, 2009 	

    10 25 32 34 47 5 

	
Aug 08, 2009 	

    4 33 37 45 50 11 

	
Aug 05, 2009 	

    25 34 41 46 49 29 

	
Aug 01, 2009 	

    5 37 39 46 53 8 

	
Jul 29, 2009 	

    2 5 38 43 59 8 

	
Jul 25, 2009 	

    5 17 33 46 52 9 

	
Jul 22, 2009 	

    4 6 16 22 32 11 

	
Jul 18, 2009 	

    4 21 26 28 47 37 

	
Jul 15, 2009 	

    26 50 51 52 57 37 

	
Jul 11, 2009 	

    1 4 20 39 42 2 

	
Jul 08, 2009 	

    19 42 50 53 56 39 

	
Jul 04, 2009 	

    4 9 22 41 44 14 

	
Jul 01, 2009 	

    9 32 38 52 53 15 

	
Jun 27, 2009 	

    18 22 26 39 48 17 

	
Jun 24, 2009 	

    16 18 24 51 53 16 

	
Jun 20, 2009 	

    3 11 18 22 28 33 

	
Jun 17, 2009 	

    5 9 37 42 53 27 

	
Jun 13, 2009 	

    13 16 20 35 41 6 

	
Jun 10, 2009 	

    15 26 27 42 58 37 

	
Jun 06, 2009 	

    10 18 23 30 45 2 

	
Jun 03, 2009 	

    16 20 22 32 37 9 

	
May 30, 2009 	

    1 23 42 51 59 20 

	
May 27, 2009 	

    5 6 12 16 21 7 

	
May 23, 2009 	

    19 23 34 52 57 21 

	
May 20, 2009 	

    23 30 31 35 42 6 

	
May 16, 2009 	

    6 7 31 40 56 38 

	
May 13, 2009 	

    19 30 32 37 40 37 

	
May 09, 2009 	

    4 15 32 49 58 21 

	
May 06, 2009 	

    7 8 12 22 31 18 

	
May 02, 2009 	

    3 20 38 42 45 27 

	
Apr 29, 2009 	

    6 19 36 50 59 13 

	
Apr 25, 2009 	

    8 26 30 42 52 15 

	
Apr 22, 2009 	

    15 22 30 37 48 12 

	
Apr 18, 2009 	

    7 15 28 43 44 20 

	
Apr 15, 2009 	

    16 22 26 27 59 5 

	
Apr 11, 2009 	

    7 28 35 46 49 20 

	
Apr 08, 2009 	

    1 6 48 52 56 9 

	
Apr 04, 2009 	

    14 21 50 57 58 7 

	
Apr 01, 2009 	

    2 9 33 41 54 14 

	
Mar 28, 2009 	

    2 3 16 41 48 19 

	
Mar 25, 2009 	

    10 20 23 47 54 26 

	
Mar 21, 2009 	

    19 23 27 49 52 21 

	
Mar 18, 2009 	

    16 26 29 41 45 1 

	
Mar 14, 2009 	

    7 30 33 44 51 10 

	
Mar 11, 2009 	

    3 7 13 34 47 30 

	
Mar 07, 2009 	

    21 27 28 56 59 21 

	
Mar 04, 2009 	

    1 6 44 49 55 36 

	
Feb 28, 2009 	

    3 16 20 42 58 7 

	
Feb 25, 2009 	

    17 32 42 49 56 11 

	
Feb 21, 2009 	

    13 31 41 45 46 21 

	
Feb 18, 2009 	

    2 15 39 44 56 15 

	
Feb 14, 2009 	

    2 8 9 33 45 5 

	
Feb 11, 2009 	

    5 10 22 45 49 37 

	
Feb 07, 2009 	

    5 18 20 28 53 27 

	
Feb 04, 2009 	

    7 24 30 32 44 18 

	
Jan 31, 2009 	

    1 14 26 33 41 37 

	
Jan 28, 2009 	

    5 10 18 23 32 4 

	
Jan 24, 2009 	

    6 20 25 37 42 25 

	
Jan 21, 2009 	

    20 26 38 46 54 23 

	
Jan 17, 2009 	

    2 5 9 23 59 26 

	
Jan 14, 2009 	

    8 25 34 39 46 34 

	
Jan 10, 2009 	

    8 10 18 43 56 9 

	
Jan 07, 2009 	

    23 31 33 38 52 24 

	
Jan 03, 2009 	

    17 22 24 38 55 24 


Dec 31, 2008 	

    7 8 11 17 53 36 

	
Dec 27, 2008 	

    12 15 26 31 43 10 

	
Dec 24, 2008 	

    2 17 22 32 41 8 

	
Dec 20, 2008 	

    3 14 19 32 54 24 

	
Dec 17, 2008 	

    7 11 18 24 30 26 

	
Dec 13, 2008 	

    14 26 28 31 40 13 

	
Dec 10, 2008 	

    6 15 24 37 41 37 

	
Dec 06, 2008 	

    9 35 39 43 53 10 

	
Dec 03, 2008 	

    16 17 21 25 55 3 

	
Nov 29, 2008 	

    5 33 36 39 55 21 

	
Nov 26, 2008 	

    11 26 31 34 52 14 

	
Nov 22, 2008 	

    17 19 26 32 45 14 

	
Nov 19, 2008 	

    8 13 38 39 45 31 

	
Nov 15, 2008 	

    3 7 8 12 44 37 

	
Nov 12, 2008 	

    1 18 25 29 45 2 

	
Nov 08, 2008 	

    2 4 21 36 40 41 

	
Nov 05, 2008 	

    4 8 18 33 36 32 

	
Nov 01, 2008 	

    4 6 26 40 41 15 

	
Oct 29, 2008 	

    20 30 37 50 52 33 

	
Oct 25, 2008 	

    1 3 14 38 48 2 

	
Oct 22, 2008 	

    10 17 33 51 52 5 

	
Oct 18, 2008 	

    10 14 32 40 49 15 

	
Oct 15, 2008 	

    3 13 32 38 48 13 

	
Oct 11, 2008 	

    3 7 17 39 47 9 

	
Oct 08, 2008 	

    2 12 17 48 54 2 

	
Oct 04, 2008 	

    1 4 26 32 39 18 

	
Oct 01, 2008 	

    8 9 39 43 55 26 

	
Sep 27, 2008 	

    13 24 29 40 52 29 

	
Sep 24, 2008 	

    5 13 21 32 36 33 

	
Sep 20, 2008 	

    6 28 30 40 47 24 

	
Sep 17, 2008 	

    12 23 26 32 44 20 

	
Sep 13, 2008 	

    7 17 29 43 51 38 

	
Sep 10, 2008 	

    14 15 28 37 53 18 

	
Sep 06, 2008 	

    17 25 26 49 54 11 

	
Sep 03, 2008 	

    38 40 46 49 50 34 

	
Aug 30, 2008 	

    2 14 15 32 47 36 

	
Aug 27, 2008 	

    13 31 36 48 49 11 

	
Aug 23, 2008 	

    18 24 33 47 48 23 

	
Aug 20, 2008 	

    15 16 24 35 47 26 

	
Aug 16, 2008 	

    5 34 40 43 52 20 

	
Aug 13, 2008 	

    5 10 19 23 31 26 

	
Aug 09, 2008 	

    32 40 43 49 53 21 

	
Aug 06, 2008 	

    5 24 36 37 51 19 

	
Aug 02, 2008 	

    2 5 28 33 54 30 

	
Jul 30, 2008 	

    3 25 45 51 55 13 

	
Jul 26, 2008 	

    12 13 21 51 55 18 

	
Jul 23, 2008 	

    11 14 35 41 52 2 

	
Jul 19, 2008 	

    6 28 46 53 55 2 

	
Jul 16, 2008 	

    3 15 23 29 42 17 

	
Jul 12, 2008 	

    2 12 20 22 50 17 

	
Jul 09, 2008 	

    5 7 31 49 53 14 

	
Jul 05, 2008 	

    1 24 34 47 48 18 

	
Jul 02, 2008 	

    4 33 46 48 52 17 

	
Jun 28, 2008 	

    14 26 32 34 44 6 

	
Jun 25, 2008 	

    14 21 25 45 53 9 

	
Jun 21, 2008 	

    7 8 9 31 50 31 

	
Jun 18, 2008 	

    9 12 31 39 52 32 

	
Jun 14, 2008 	

    9 11 20 31 50 14 

	
Jun 11, 2008 	

    7 18 21 28 49 1 

	
Jun 07, 2008 	

    12 26 34 44 48 9 

	
Jun 04, 2008 	

    5 18 20 40 52 3 

	
May 31, 2008 	

    3 9 14 17 25 8 

	
May 28, 2008 	

    10 18 22 37 45 9 

	
May 24, 2008 	

    33 40 41 51 52 6 

	
May 21, 2008 	

    7 16 21 33 42 25 

	
May 17, 2008 	

    12 14 15 21 43 30 

	
May 14, 2008 	

    19 21 29 32 46 32 

	
May 10, 2008 	

    7 18 30 41 45 6 

	
May 07, 2008 	

    9 25 26 28 42 26 

	
May 03, 2008 	

    2 28 36 42 46 40 

	
Apr 30, 2008 	

    1 17 25 43 51 38 

	
Apr 26, 2008 	

    7 12 17 27 45 24 

	
Apr 23, 2008 	

    11 20 21 22 39 1 

	
Apr 19, 2008 	

    13 19 24 33 39 8 

	
Apr 16, 2008 	

    11 16 18 21 51 16 

	
Apr 12, 2008 	

    11 29 48 52 55 36 

	
Apr 09, 2008 	

    3 13 19 32 46 18 

	
Apr 05, 2008 	

    12 27 30 37 47 26 

	
Apr 02, 2008 	

    1 34 37 44 55 33 

	
Mar 29, 2008 	

    18 20 25 31 36 7 

	
Mar 26, 2008 	

    9 12 20 37 49 17 

	
Mar 22, 2008 	

    7 25 28 46 48 19 

	
Mar 19, 2008 	

    6 8 29 41 49 42 

	
Mar 15, 2008 	

    6 22 42 43 47 16 

	
Mar 12, 2008 	

    12 19 30 34 36 8 

	
Mar 08, 2008 	

    17 29 31 34 49 16 

	
Mar 05, 2008 	

    10 15 16 23 31 5 

	
Mar 01, 2008 	

    2 19 21 31 55 19 

	
Feb 27, 2008 	

    20 24 37 48 53 11 

	
Feb 23, 2008 	

    8 13 23 29 47 32 

	
Feb 20, 2008 	

    9 12 20 22 36 31 

	
Feb 16, 2008 	

    3 4 8 20 49 18 

	
Feb 13, 2008 	

    13 19 32 38 51 30 

	
Feb 09, 2008 	

    4 23 24 30 43 28 

	
Feb 06, 2008 	

    3 5 12 42 43 5 

	
Feb 02, 2008 	

    14 16 25 26 44 30 

	
Jan 30, 2008 	

    2 17 41 54 55 17 

	
Jan 26, 2008 	

    11 35 39 53 54 24 

	
Jan 23, 2008 	

    4 16 35 47 48 39 

	
Jan 19, 2008 	

    20 23 25 27 28 2 

	
Jan 16, 2008 	

    9 18 19 38 47 11 

	
Jan 12, 2008 	

    23 39 43 47 53 14 

	
Jan 09, 2008 	

    2 13 20 21 23 24 

	
Jan 05, 2008 	

    4 11 16 33 40 9 

	
Jan 02, 2008 	

    2 11 31 34 48 5 


Dec 29, 2007 	

    8 12 17 35 49 18 

	
Dec 26, 2007 	

    8 32 41 54 55 20 

	
Dec 22, 2007 	

    5 10 11 34 38 21 

	
Dec 19, 2007 	

    15 18 22 23 42 37 

	
Dec 15, 2007 	

    22 37 47 48 50 17 

	
Dec 12, 2007 	

    7 14 33 40 55 15 

	
Dec 08, 2007 	

    4 8 25 29 31 41 

	
Dec 05, 2007 	

    1 8 15 21 55 41 

	
Dec 01, 2007 	

    7 32 39 41 55 13 

	
Nov 28, 2007 	

    8 23 32 37 39 38 

	
Nov 24, 2007 	

    1 7 13 23 35 19 

	
Nov 21, 2007 	

    3 11 13 20 40 20 

	
Nov 17, 2007 	

    17 27 49 52 53 23 

	
Nov 14, 2007 	

    16 18 20 30 48 6 

	
Nov 10, 2007 	

    6 22 24 26 30 12 

	
Nov 07, 2007 	

    22 29 35 46 52 2 

	
Nov 03, 2007 	

    1 31 38 40 53 42 

	
Oct 31, 2007 	

    6 16 18 29 37 24 

	
Oct 27, 2007 	

    13 25 30 40 43 12 

	
Oct 24, 2007 	

    10 11 18 49 52 2 

	
Oct 20, 2007 	

    10 11 37 40 54 10 

	
Oct 17, 2007 	

    14 15 19 42 46 37 

	
Oct 13, 2007 	

    21 30 34 36 49 42 

	
Oct 10, 2007 	

    12 16 31 33 54 5 

	
Oct 06, 2007 	

    8 30 32 33 51 2 

	
Oct 03, 2007 	

    2 4 14 15 28 23 

	
Sep 29, 2007 	

    31 33 38 49 55 39 

	
Sep 26, 2007 	

    25 27 31 44 54 8 

	
Sep 22, 2007 	

    4 9 18 43 55 3 

	
Sep 19, 2007 	

    20 25 26 45 46 15 

	
Sep 15, 2007 	

    13 16 27 48 51 21 

	
Sep 12, 2007 	

    5 24 26 33 47 1 

	
Sep 08, 2007 	

    7 12 28 30 48 40 

	
Sep 05, 2007 	

    11 20 21 30 48 18 

	
Sep 01, 2007 	

    12 19 23 37 39 13 

	
Aug 29, 2007 	

    13 16 33 44 47 29 

	
Aug 25, 2007 	

    2 8 23 29 35 19 

	
Aug 22, 2007 	

    12 37 40 48 50 37 

	
Aug 18, 2007 	

    12 15 28 31 50 12 

	
Aug 15, 2007 	

    19 22 24 38 51 9 

	
Aug 11, 2007 	

    1 10 11 37 40 20 

	
Aug 08, 2007 	

    9 16 21 30 52 9 

	
Aug 04, 2007 	

    2 23 24 27 36 3 

	
Aug 01, 2007 	

    9 16 23 51 52 12 

	
Jul 28, 2007 	

    15 19 24 27 47 11 

	
Jul 25, 2007 	

    28 35 40 47 53 30 

	
Jul 21, 2007 	

    14 30 39 43 46 14 

	
Jul 18, 2007 	

    3 9 14 40 42 3 

	
Jul 14, 2007 	

    1 21 30 34 36 37 

	
Jul 11, 2007 	

    8 20 29 42 43 35 

	
Jul 07, 2007 	

    15 21 27 41 47 20 

	
Jul 04, 2007 	

    1 2 15 17 49 35 

	
Jun 30, 2007 	

    24 38 39 46 47 26 

	
Jun 27, 2007 	

    9 11 13 24 43 18 

	
Jun 23, 2007 	

    14 15 27 43 53 28 

	
Jun 20, 2007 	

    23 31 32 37 55 35 

	
Jun 16, 2007 	

    4 8 32 47 51 27 

	
Jun 13, 2007 	

    10 13 28 30 47 26 

	
Jun 09, 2007 	

    7 10 25 32 41 22 

	
Jun 06, 2007 	

    5 9 14 45 48 28 

	
Jun 02, 2007 	

    2 22 32 36 47 36 

	
May 30, 2007 	

    7 23 35 54 55 28 

	
May 26, 2007 	

    1 5 21 46 51 29 

	
May 23, 2007 	

    3 11 24 36 38 6 

	
May 19, 2007 	

    3 19 21 26 45 2 

	
May 16, 2007 	

    6 7 16 34 42 23 

	
May 12, 2007 	

    30 44 46 51 53 25 

	
May 09, 2007 	

    2 13 30 44 52 40 

	
May 05, 2007 	

    13 21 29 40 50 6 

	
May 02, 2007 	

    1 8 35 40 47 9 

	
Apr 28, 2007 	

    16 22 43 46 49 10 

	
Apr 25, 2007 	

    12 13 14 17 53 11 

	
Apr 21, 2007 	

    22 26 28 33 45 17 

	
Apr 18, 2007 	

    6 10 12 13 24 19 

	
Apr 14, 2007 	

    12 21 36 38 49 18 

	
Apr 11, 2007 	

    6 15 38 42 51 18 

	
Apr 07, 2007 	

    2 28 31 54 55 23 

	
Apr 04, 2007 	

    19 30 39 40 53 16 

	
Mar 31, 2007 	

    2 5 16 36 40 36 

	
Mar 28, 2007 	

    6 20 35 37 47 1 

	
Mar 24, 2007 	

    10 38 40 48 53 3 

	
Mar 21, 2007 	

    16 24 38 53 54 5 

	
Mar 17, 2007 	

    7 17 44 47 54 3 

	
Mar 14, 2007 	

    4 27 30 39 44 18 

	
Mar 10, 2007 	

    14 18 34 42 43 32 

	
Mar 07, 2007 	

    13 16 18 19 46 36 

	
Mar 03, 2007 	

    1 5 16 22 48 6 

	
Feb 28, 2007 	

    13 20 41 42 53 2 

	
Feb 24, 2007 	

    36 38 42 54 55 24 

	
Feb 21, 2007 	

    2 8 22 29 37 3 

	
Feb 17, 2007 	

    1 15 35 37 45 32 

	
Feb 14, 2007 	

    3 26 30 54 55 15 

	
Feb 10, 2007 	

    2 11 16 41 42 16 

	
Feb 07, 2007 	

    4 22 28 37 52 10 

	
Feb 03, 2007 	

    12 13 20 33 42 37 

	
Jan 31, 2007 	

    2 15 25 42 48 14 

	
Jan 27, 2007 	

    10 19 26 27 32 14 

	
Jan 24, 2007 	

    9 19 29 42 53 17 

	
Jan 20, 2007 	

    1 5 26 32 38 30 

	
Jan 17, 2007 	

    16 35 49 50 52 31 

	
Jan 13, 2007 	

    1 21 23 25 26 4 

	
Jan 10, 2007 	

    36 42 45 53 54 36 

	
Jan 06, 2007 	

    1 24 40 49 50 38 

	
Jan 03, 2007 	

    10 12 24 35 55 31 



Dec 30, 2006 	

    9 23 28 31 36 26 

	
Dec 27, 2006 	

    14 16 27 29 41 29 

	
Dec 23, 2006 	

    8 27 43 52 53 5 

	
Dec 20, 2006 	

    1 6 14 26 34 34 

	
Dec 16, 2006 	

    5 17 28 36 51 5 

	
Dec 13, 2006 	

    19 32 33 42 54 15 

	
Dec 09, 2006 	

    19 22 30 34 52 40 

	
Dec 06, 2006 	

    7 34 35 36 38 14 

	
Dec 02, 2006 	

    17 34 42 45 50 11 

	
Nov 29, 2006 	

    2 8 9 12 19 25 

	
Nov 25, 2006 	

    5 18 28 49 55 38 

	
Nov 22, 2006 	

    22 32 36 49 55 8 

	
Nov 18, 2006 	

    1 8 19 36 42 20 

	
Nov 15, 2006 	

    11 28 30 34 43 29 

	
Nov 11, 2006 	

    35 38 40 49 55 41 

	
Nov 08, 2006 	

    8 11 12 26 53 4 

	
Nov 04, 2006 	

    12 13 34 39 44 5 

	
Nov 01, 2006 	

    7 8 13 46 54 35 

	
Oct 28, 2006 	

    14 22 30 38 41 12 

	
Oct 25, 2006 	

    16 40 42 43 48 1 

	
Oct 21, 2006 	

    9 29 31 45 55 7 

	
Oct 18, 2006 	

    2 24 34 41 48 24 

	
Oct 14, 2006 	

    1 15 17 26 40 19 

	
Oct 11, 2006 	

    5 10 12 35 38 9 

	
Oct 07, 2006 	

    3 4 8 31 45 12 

	
Oct 04, 2006 	

    3 7 27 39 40 8 

	
Sep 30, 2006 	

    6 15 30 32 39 5 

	
Sep 27, 2006 	

    23 28 33 35 49 16 

	
Sep 23, 2006 	

    13 21 26 45 50 20 

	
Sep 20, 2006 	

    7 8 17 29 54 26 

	
Sep 16, 2006 	

    7 8 26 27 42 12 

	
Sep 13, 2006 	

    15 19 26 45 47 3 

	
Sep 09, 2006 	

    3 19 20 22 47 2 

	
Sep 06, 2006 	

    2 21 27 35 55 1 

	
Sep 02, 2006 	

    3 8 24 28 49 25 

	
Aug 30, 2006 	

    3 19 33 35 43 1 

	
Aug 26, 2006 	

    24 26 38 42 46 16 

	
Aug 23, 2006 	

    8 17 24 38 51 31 

	
Aug 19, 2006 	

    12 22 26 29 51 9 

	
Aug 16, 2006 	

    2 13 22 48 50 2 

	
Aug 12, 2006 	

    13 14 18 27 54 32 

	
Aug 09, 2006 	

    16 19 41 43 52 35 

	
Aug 05, 2006 	

    2 3 9 48 50 23 

	
Aug 02, 2006 	

    10 13 16 19 24 15 

	
Jul 29, 2006 	

    14 19 26 39 55 29 

	
Jul 26, 2006 	

    5 10 17 24 43 31 

	
Jul 22, 2006 	

    14 40 47 54 55 6 

	
Jul 19, 2006 	

    2 32 38 44 50 21 

	
Jul 15, 2006 	

    20 35 36 47 50 5 

	
Jul 12, 2006 	

    18 19 30 31 33 15 

	
Jul 08, 2006 	

    32 37 44 49 50 13 

	
Jul 05, 2006 	

    26 39 41 52 53 20 

	
Jul 01, 2006 	

    2 31 35 40 42 34 

	
Jun 28, 2006 	

    2 8 16 45 51 32 

	
Jun 24, 2006 	

    8 11 30 39 47 23 

	
Jun 21, 2006 	

    11 19 22 43 45 34 

	
Jun 17, 2006 	

    10 20 22 39 48 25 

	
Jun 14, 2006 	

    4 14 15 40 48 12 

	
Jun 10, 2006 	

    16 24 26 36 54 11 

	
Jun 07, 2006 	

    4 10 20 26 40 8 

	
Jun 03, 2006 	

    5 6 18 20 50 35 

	
May 31, 2006 	

    10 20 22 43 49 3 

	
May 27, 2006 	

    6 23 27 41 47 19 

	
May 24, 2006 	

    2 3 12 47 51 10 

	
May 20, 2006 	

    2 9 23 44 45 38 

	
May 17, 2006 	

    15 17 24 26 35 38 

	
May 13, 2006 	

    19 28 30 47 54 13 

	
May 10, 2006 	

    3 4 11 37 44 24 

	
May 06, 2006 	

    12 23 25 32 38 27 

	
May 03, 2006 	

    4 6 19 38 42 37 

	
Apr 29, 2006 	

    19 30 35 40 41 14 

	
Apr 26, 2006 	

    12 24 26 48 55 14 

	
Apr 22, 2006 	

    4 5 6 18 27 24 

	
Apr 19, 2006 	

    5 28 32 34 53 10 

	
Apr 15, 2006 	

    13 18 23 28 46 33 

	
Apr 12, 2006 	

    16 26 34 35 41 24 

	
Apr 08, 2006 	

    4 23 35 43 44 35 

	
Apr 05, 2006 	

    3 9 24 29 39 42 

	
Apr 01, 2006 	

    1 10 23 50 55 29 

	
Mar 29, 2006 	

    2 14 24 28 54 13 

	
Mar 25, 2006 	

    20 34 37 39 45 32 

	
Mar 22, 2006 	

    18 22 23 38 45 31 

	
Mar 18, 2006 	

    1 25 34 36 42 19 

	
Mar 15, 2006 	

    7 12 36 48 54 37 

	
Mar 11, 2006 	

    16 35 37 52 54 33 

	
Mar 08, 2006 	

    1 5 7 21 43 20 

	
Mar 04, 2006 	

    13 22 27 52 55 26 

	
Mar 01, 2006 	

    10 25 35 38 41 23 

	
Feb 25, 2006 	

    3 37 46 48 51 22 

	
Feb 22, 2006 	

    9 23 47 53 55 39 

	
Feb 18, 2006 	

    15 17 43 44 48 29 

	
Feb 15, 2006 	

    3 13 35 39 40 37 

	
Feb 11, 2006 	

    7 38 40 51 52 14 

	
Feb 08, 2006 	

    14 25 32 48 54 10 

	
Feb 04, 2006 	

    4 12 13 30 38 30 

	
Feb 01, 2006 	

    11 13 30 35 55 37 

	
Jan 28, 2006 	

    14 15 26 28 36 36 

	
Jan 25, 2006 	

    10 37 43 50 52 14 

	
Jan 21, 2006 	

    3 18 39 43 54 41 

	
Jan 18, 2006 	

    15 29 38 52 53 7 

	
Jan 14, 2006 	

    6 14 40 46 49 17 

	
Jan 11, 2006 	

    3 6 14 17 18 14 

	
Jan 07, 2006 	

    2 16 21 32 43 6 

	
Jan 04, 2006 	

    10 23 42 48 54 3 


Dec 31, 2005 	

    4 30 37 43 46 42 

	
Dec 28, 2005 	

    12 15 30 46 54 1 

	
Dec 24, 2005 	

    4 10 33 34 50 14 

	
Dec 21, 2005 	

    9 12 16 23 43 37 

	
Dec 17, 2005 	

    24 36 44 46 53 18 

	
Dec 14, 2005 	

    8 15 16 45 51 11 

	
Dec 10, 2005 	

    3 21 34 42 45 39 

	
Dec 07, 2005 	

    19 30 41 45 54 14 

	
Dec 03, 2005 	

    2 15 26 37 42 36 

	
Nov 30, 2005 	

    19 23 27 42 52 1 

	
Nov 26, 2005 	

    28 34 37 45 53 32 

	
Nov 23, 2005 	

    9 12 24 25 27 33 

	
Nov 19, 2005 	

    8 15 20 41 54 22 

	
Nov 16, 2005 	

    5 18 20 21 44 27 

	
Nov 12, 2005 	

    17 37 41 48 55 39 

	
Nov 09, 2005 	

    5 13 14 31 49 30 

	
Nov 05, 2005 	

    7 25 29 37 50 17 

	
Nov 02, 2005 	

    6 11 14 27 41 38 

	
Oct 29, 2005 	

    14 19 22 41 50 21 

	
Oct 26, 2005 	

    2 10 39 42 43 23 

	
Oct 22, 2005 	

    6 7 36 51 53 17 

	
Oct 19, 2005 	

    7 21 43 44 49 29 

	
Oct 15, 2005 	

    1 7 8 34 45 15 

	
Oct 12, 2005 	

    4 9 18 51 54 10 

	
Oct 08, 2005 	

    26 31 35 46 50 28 

	
Oct 05, 2005 	

    2 15 25 30 45 17 

	
Oct 01, 2005 	

    8 18 38 45 54 23 

	
Sep 28, 2005 	

    7 22 27 48 50 17 

	
Sep 24, 2005 	

    2 10 31 43 55 14 

	
Sep 21, 2005 	

    3 28 34 35 50 8 

	
Sep 17, 2005 	

    5 9 27 49 52 6 

	
Sep 14, 2005 	

    21 24 42 49 50 1 

	
Sep 10, 2005 	

    8 10 11 48 50 16 

	
Sep 07, 2005 	

    12 32 40 50 54 37 

	
Sep 03, 2005 	

    1 3 30 31 43 36 

	
Aug 31, 2005 	

    13 17 19 41 50 13 

	
Aug 27, 2005 	

    8 22 31 39 44 11 

	
Aug 24, 2005 	

    9 11 26 35 51 32 

	
Aug 20, 2005 	

    13 27 28 29 49 36 

	
Aug 17, 2005 	

    3 8 30 43 53 15 

	
Aug 13, 2005 	

    1 2 18 37 43 37 

	
Aug 10, 2005 	

    13 31 36 38 49 2 

	
Aug 06, 2005 	

    1 9 19 36 53 33 

	
Aug 03, 2005 	

    5 19 24 28 39 24 

	
Jul 30, 2005 	

    8 14 35 38 46 24 

	
Jul 27, 2005 	

    1 4 10 13 29 3 

	
Jul 23, 2005 	

    13 16 20 28 32 36 

	
Jul 20, 2005 	

    6 7 32 39 51 31 

	
Jul 16, 2005 	

    8 32 33 41 50 22 

	
Jul 13, 2005 	

    4 5 13 23 43 34 

	
Jul 09, 2005 	

    8 9 39 47 53 4 

	
Jul 06, 2005 	

    2 12 25 30 48 38 

	
Jul 02, 2005 	

    9 10 29 39 52 20 

	
Jun 29, 2005 	

    3 8 22 42 49 39 

	
Jun 25, 2005 	

    7 28 31 32 40 14 

	
Jun 22, 2005 	

    9 13 23 42 51 15 

	
Jun 18, 2005 	

    5 8 10 16 24 5 

	
Jun 15, 2005 	

    14 20 22 39 44 14 

	
Jun 11, 2005 	

    3 10 14 24 46 37 

	
Jun 08, 2005 	

    10 36 40 42 43 42 

	
Jun 04, 2005 	

    7 16 38 44 48 18 

	
Jun 01, 2005 	

    15 34 39 42 50 12 

	
May 28, 2005 	

    5 7 24 28 39 36 

	
May 25, 2005 	

    27 29 31 42 46 33 

	
May 21, 2005 	

    2 5 7 10 30 23 

	
May 18, 2005 	

    7 13 17 20 35 35 

	
May 14, 2005 	

    21 29 38 49 52 42 

	
May 11, 2005 	

    5 25 46 48 49 6 

	
May 07, 2005 	

    21 23 39 44 47 19 

	
May 04, 2005 	

    10 21 27 33 40 2 

	
Apr 30, 2005 	

    8 15 17 32 48 24 

	
Apr 27, 2005 	

    11 13 18 32 42 4 

	
Apr 23, 2005 	

    8 9 13 15 50 9 

	
Apr 20, 2005 	

    7 16 33 34 46 27 

	
Apr 16, 2005 	

    11 38 44 45 51 41 

	
Apr 13, 2005 	

    6 13 37 51 52 25 

	
Apr 09, 2005 	

    1 11 35 46 53 29 

	
Apr 06, 2005 	

    5 11 14 22 51 17 

	
Apr 02, 2005 	

    5 9 11 17 46 39 

	
Mar 30, 2005 	

    22 28 32 33 39 42 

	
Mar 26, 2005 	

    9 12 35 41 51 36 

	
Mar 23, 2005 	

    23 29 37 40 45 38 

	
Mar 19, 2005 	

    1 21 28 32 41 9 

	
Mar 16, 2005 	

    11 19 25 38 50 35 

	
Mar 12, 2005 	

    7 23 40 46 52 41 

	
Mar 09, 2005 	

    10 17 20 23 45 31 

	
Mar 05, 2005 	

    9 13 27 40 53 28 

	
Mar 02, 2005 	

    3 10 18 46 48 8 

	
Feb 26, 2005 	

    8 22 30 33 49 6 

	
Feb 23, 2005 	

    4 10 15 48 51 13 

	
Feb 19, 2005 	

    12 15 18 27 52 36 

	
Feb 16, 2005 	

    21 25 27 41 48 25 

	
Feb 12, 2005 	

    18 21 28 49 50 16 

	
Feb 09, 2005 	

    9 10 15 18 29 9 

	
Feb 05, 2005 	

    11 34 37 44 47 23 

	
Feb 02, 2005 	

    10 11 16 40 44 2 

	
Jan 29, 2005 	

    11 16 20 29 41 12 

	
Jan 26, 2005 	

    5 32 43 47 48 33 

	
Jan 22, 2005 	

    11 23 32 33 34 38 

	
Jan 19, 2005 	

    9 18 32 33 49 27 

	
Jan 15, 2005 	

    21 26 37 49 51 25 

	
Jan 12, 2005 	

    21 23 27 38 50 38 

	
Jan 08, 2005 	

    9 11 22 24 43 2 

	
Jan 05, 2005 	

    4 7 10 30 37 37 

	
Jan 01, 2005 	

    22 23 26 44 47 12 


Dec 29, 2004 	

    24 29 33 38 44 7 

	
Dec 25, 2004 	

    29 32 39 45 53 16 

	
Dec 22, 2004 	

    2 7 11 24 31 18 

	
Dec 18, 2004 	

    1 25 29 30 45 12 

	
Dec 15, 2004 	

    1 6 11 38 53 11 

	
Dec 11, 2004 	

    6 7 16 41 53 23 

	
Dec 08, 2004 	

    13 17 35 45 50 2 

	
Dec 04, 2004 	

    6 9 16 22 30 4 

	
Dec 01, 2004 	

    3 28 36 38 44 1 

	
Nov 27, 2004 	

    16 28 35 36 47 31 

	
Nov 24, 2004 	

    3 19 47 49 53 4 

	
Nov 20, 2004 	

    4 29 45 48 50 1 

	
Nov 17, 2004 	

    15 25 31 36 46 37 

	
Nov 13, 2004 	

    5 6 26 33 34 13 

	
Nov 10, 2004 	

    14 21 29 43 45 26 

	
Nov 06, 2004 	

    18 22 33 38 40 19 

	
Nov 03, 2004 	

    11 35 43 45 48 42 

	
Oct 30, 2004 	

    20 27 30 40 48 11 

	
Oct 27, 2004 	

    11 17 40 44 51 21 

	
Oct 23, 2004 	

    15 24 49 50 52 40 

	
Oct 20, 2004 	

    1 11 17 41 46 24 

	
Oct 16, 2004 	

    5 20 22 36 42 11 

	
Oct 13, 2004 	

    5 14 17 45 46 41 

	
Oct 09, 2004 	

    1 3 10 47 48 27 

	
Oct 06, 2004 	

    5 6 19 44 50 28 

	
Oct 02, 2004 	

    2 13 29 32 35 4 

	
Sep 29, 2004 	

    16 28 33 35 37 17 

	
Sep 25, 2004 	

    11 25 40 41 48 3 

	
Sep 22, 2004 	

    37 6 34 14 40 7 

	
Sep 18, 2004 	

    2 14 27 31 36 9 

	
Sep 15, 2004 	

    1 8 17 28 50 20 

	
Sep 11, 2004 	

    25 34 36 46 49 9 

	
Sep 08, 2004 	

    2 4 28 33 52 18 

	
Sep 04, 2004 	

    13 15 25 26 46 28 

	
Sep 01, 2004 	

    31 33 44 45 51 31 

	
Aug 28, 2004 	

    6 30 35 39 45 31 

	
Aug 25, 2004 	

    1 30 32 37 50 19 

	
Aug 21, 2004 	

    3 16 27 39 40 3 

	
Aug 18, 2004 	

    31 33 35 40 42 40 

	
Aug 14, 2004 	

    4 10 11 18 43 41 

	
Aug 11, 2004 	

    5 10 29 33 51 35 

	
Aug 07, 2004 	

    8 9 16 34 48 8 

	
Aug 04, 2004 	

    11 22 26 37 51 21 

	
Jul 31, 2004 	

    14 31 35 45 47 35 

	
Jul 28, 2004 	

    4 19 39 40 50 22 

	
Jul 24, 2004 	

    2 3 13 29 52 25 

	
Jul 21, 2004 	

    3 31 38 42 46 2 

	
Jul 17, 2004 	

    20 23 36 45 50 9 

	
Jul 14, 2004 	

    9 24 45 49 50 37 

	
Jul 10, 2004 	

    16 17 23 26 44 13 

	
Jul 07, 2004 	

    18 25 30 34 41 10 

	
Jul 03, 2004 	

    3 8 12 30 47 23 

	
Jun 30, 2004 	

    2 29 31 45 47 4 

	
Jun 26, 2004 	

    9 17 32 41 47 8 

	
Jun 23, 2004 	

    9 12 16 20 39 1 

	
Jun 19, 2004 	

    2 9 36 37 48 16 

	
Jun 16, 2004 	

    16 18 26 39 48 22 

	
Jun 12, 2004 	

    6 20 43 48 52 28 

	
Jun 09, 2004 	

    1 31 33 37 50 40 

	
Jun 05, 2004 	

    5 26 39 41 42 39 

	
Jun 02, 2004 	

    5 6 12 26 29 30 

	
May 29, 2004 	

    1 16 30 32 39 2 

	
May 26, 2004 	

    3 10 31 35 38 16 

	
May 22, 2004 	

    1 7 36 42 49 41 

	
May 19, 2004 	

    14 15 31 37 41 31 

	
May 15, 2004 	

    1 26 27 43 46 31 

	
May 12, 2004 	

    11 31 35 42 45 35 

	
May 08, 2004 	

    3 9 17 37 43 39 

	
May 05, 2004 	

    9 16 21 25 32 8 

	
May 01, 2004 	

    1 10 34 39 47 33 

	
Apr 28, 2004 	

    27 34 42 49 52 23 

	
Apr 24, 2004 	

    2 13 22 35 44 28 

	
Apr 21, 2004 	

    8 11 34 42 51 27 

	
Apr 17, 2004 	

    4 29 34 41 42 11 

	
Apr 14, 2004 	

    1 6 20 22 38 22 

	
Apr 10, 2004 	

    2 9 30 47 48 40 

	
Apr 07, 2004 	

    2 7 16 35 37 10 

	
Apr 03, 2004 	

    6 7 26 32 43 13 

	
Mar 31, 2004 	

    15 31 34 39 50 35 

	
Mar 27, 2004 	

    2 15 17 30 34 32 

	
Mar 24, 2004 	

    18 20 39 43 47 31 

	
Mar 20, 2004 	

    2 14 24 27 44 6 

	
Mar 17, 2004 	

    7 15 20 24 43 5 

	
Mar 13, 2004 	

    11 44 45 48 50 2 

	
Mar 10, 2004 	

    10 20 22 41 49 6 

	
Mar 06, 2004 	

    9 17 46 49 51 9 

	
Mar 03, 2004 	

    5 11 17 23 53 34 

	
Feb 28, 2004 	

    6 25 26 52 53 40 

	
Feb 25, 2004 	

    4 5 11 17 47 35 

	
Feb 21, 2004 	

    15 22 26 48 53 14 

	
Feb 18, 2004 	

    4 24 36 44 50 2 

	
Feb 14, 2004 	

    10 24 25 35 43 32 

	
Feb 11, 2004 	

    5 16 28 50 52 4 

	
Feb 07, 2004 	

    31 34 35 39 46 3 

	
Feb 04, 2004 	

    7 12 17 25 32 33 

	
Jan 31, 2004 	

    3 6 27 37 41 38 

	
Jan 28, 2004 	

    8 13 17 39 48 34 

	
Jan 24, 2004 	

    1 5 37 38 53 31 

	
Jan 21, 2004 	

    13 17 34 41 45 17 

	
Jan 17, 2004 	

    8 9 32 45 48 15 

	
Jan 14, 2004 	

    12 33 40 44 50 40 

	
Jan 10, 2004 	

    2 13 19 27 50 5 

	
Jan 07, 2004 	

    4 7 14 18 44 25 

	
Jan 03, 2004 	

    4 5 22 41 42 2 


Dec 31, 2003 	

    5 7 18 28 35 1 

	
Dec 27, 2003 	

    16 17 32 34 43 31 

	
Dec 24, 2003 	

    1 6 31 34 44 25 

	
Dec 20, 2003 	

    12 20 24 25 48 37 

	
Dec 17, 2003 	

    15 18 19 21 43 7 

	
Dec 13, 2003 	

    17 19 25 26 44 19 

	
Dec 10, 2003 	

    4 17 26 37 40 15 

	
Dec 06, 2003 	

    21 24 37 41 45 39 

	
Dec 03, 2003 	

    1 10 35 37 43 30 

	
Nov 29, 2003 	

    14 36 39 43 51 15 

	
Nov 26, 2003 	

    1 3 16 37 41 19 

	
Nov 22, 2003 	

    9 12 17 29 45 4 

	
Nov 19, 2003 	

    16 26 36 42 47 33 

	
Nov 15, 2003 	

    8 20 22 32 52 39 

	
Nov 12, 2003 	

    7 11 19 20 22 1 

	
Nov 08, 2003 	

    5 8 24 38 52 22 

	
Nov 05, 2003 	

    6 20 27 38 39 31 

	
Nov 01, 2003 	

    16 19 34 37 47 18 

	
Oct 29, 2003 	

    8 19 22 34 53 29 

	
Oct 25, 2003 	

    6 17 45 47 48 4 

	
Oct 22, 2003 	

    3 25 27 28 53 35 

	
Oct 18, 2003 	

    22 25 33 34 35 14 

	
Oct 15, 2003 	

    6 9 29 39 52 8 

	
Oct 11, 2003 	

    11 14 21 32 45 21 

	
Oct 08, 2003 	

    1 6 7 8 25 18 

	
Oct 04, 2003 	

    8 13 29 44 48 36 

	
Oct 01, 2003 	

    4 5 19 21 50 41 

	
Sep 27, 2003 	

    9 20 30 41 48 29 

	
Sep 24, 2003 	

    17 19 20 28 47 37 

	
Sep 20, 2003 	

    11 13 28 31 33 29 

	
Sep 17, 2003 	

    2 19 24 32 34 2 

	
Sep 13, 2003 	

    6 10 19 28 32 39 

	
Sep 10, 2003 	

    3 17 29 30 33 34 

	
Sep 06, 2003 	

    6 15 18 20 41 17 

	
Sep 03, 2003 	

    6 9 19 24 40 31 

	
Aug 30, 2003 	

    9 35 36 41 49 33 

	
Aug 27, 2003 	

    24 31 36 42 46 32 

	
Aug 23, 2003 	

    1 39 46 50 51 7 

	
Aug 20, 2003 	

    8 22 35 46 48 15 

	
Aug 16, 2003 	

    13 15 20 37 42 7 

	
Aug 13, 2003 	

    26 31 35 44 48 32 

	
Aug 09, 2003 	

    18 23 25 26 40 15 

	
Aug 06, 2003 	

    11 14 26 31 48 30 

	
Aug 02, 2003 	

    17 40 41 42 46 25 

	
Jul 30, 2003 	

    18 22 26 31 49 28 

	
Jul 26, 2003 	

    9 10 30 32 34 11 

	
Jul 23, 2003 	

    4 16 34 37 51 38 

	
Jul 19, 2003 	

    14 29 30 34 48 1 

	
Jul 16, 2003 	

    18 27 28 30 49 20 

	
Jul 12, 2003 	

    6 16 50 51 52 23 

	
Jul 09, 2003 	

    19 21 26 31 51 40 

	
Jul 05, 2003 	

    5 17 25 37 49 21 

	
Jul 02, 2003 	

    16 17 24 26 45 36 

	
Jun 28, 2003 	

    7 9 14 41 44 25 

	
Jun 25, 2003 	

    5 26 35 43 50 4 

	
Jun 21, 2003 	

    15 19 27 36 44 17 

	
Jun 18, 2003 	

    19 20 21 45 46 20 

	
Jun 14, 2003 	

    12 26 40 42 50 3 

	
Jun 11, 2003 	

    12 16 43 44 46 38 

	
Jun 07, 2003 	

    11 17 26 27 40 6 

	
Jun 04, 2003 	

    2 14 24 26 53 1 

	
May 31, 2003 	

    10 26 30 46 52 35 

	
May 28, 2003 	

    6 16 17 19 38 16 

	
May 24, 2003 	

    10 42 48 49 50 42 

	
May 21, 2003 	

    4 30 32 35 41 9 

	
May 17, 2003 	

    5 13 18 42 50 4 

	
May 14, 2003 	

    20 33 34 45 52 21 

	
May 10, 2003 	

    1 2 6 10 20 38 

	
May 07, 2003 	

    13 18 34 35 51 28 

	
May 03, 2003 	

    14 21 39 40 47 6 

	
Apr 30, 2003 	

    7 13 17 32 33 35 

	
Apr 26, 2003 	

    5 11 13 22 36 31 

	
Apr 23, 2003 	

    14 15 23 31 51 34 

	
Apr 19, 2003 	

    10 18 40 46 48 30 

	
Apr 16, 2003 	

    4 25 39 41 50 31 

	
Apr 12, 2003 	

    17 27 28 35 52 2 

	
Apr 09, 2003 	

    6 28 35 38 51 41 

	
Apr 05, 2003 	

    7 14 23 46 49 20 

	
Apr 02, 2003 	

    12 17 35 47 50 13 

	
Mar 29, 2003 	

    2 9 17 25 36 8 

	
Mar 26, 2003 	

    10 28 31 40 52 41 

	
Mar 22, 2003 	

    5 29 31 47 49 25 

	
Mar 19, 2003 	

    19 37 40 47 51 40 

	
Mar 15, 2003 	

    12 30 41 45 52 35 

	
Mar 12, 2003 	

    5 24 25 44 52 20 

	
Mar 08, 2003 	

    1 5 20 21 45 24 

	
Mar 05, 2003 	

    2 24 28 37 44 6 

	
Mar 01, 2003 	

    6 7 27 28 41 3 

	
Feb 26, 2003 	

    10 23 27 31 34 11 

	
Feb 22, 2003 	

    2 5 6 9 10 26 

	
Feb 19, 2003 	

    6 11 16 17 44 26 

	
Feb 15, 2003 	

    1 26 29 38 42 30 

	
Feb 12, 2003 	

    7 12 19 47 49 6 

	
Feb 08, 2003 	

    2 13 20 21 23 35 

	
Feb 05, 2003 	

    2 5 7 9 48 32 

	
Feb 01, 2003 	

    2 11 16 21 39 42 

	
Jan 29, 2003 	

    10 12 27 30 53 28 

	
Jan 25, 2003 	

    10 12 15 49 51 21 

	
Jan 22, 2003 	

    20 28 30 40 43 3 

	
Jan 18, 2003 	

    4 17 34 48 52 10 

	
Jan 15, 2003 	

    4 17 30 42 44 15 

	
Jan 11, 2003 	

    9 45 46 48 51 2 

	
Jan 08, 2003 	

    16 22 26 44 46 20 

	
Jan 04, 2003 	

    1 11 37 39 40 23 

	
Jan 01, 2003 	

    18 34 42 43 53 17 


Dec 28, 2002 	

    2 15 38 43 50 29 

	
Dec 25, 2002 	

    5 14 16 29 53 7 

	
Dec 21, 2002 	

    5 22 34 39 52 30 

	
Dec 18, 2002 	

    2 14 33 50 52 22 

	
Dec 14, 2002 	

    8 17 24 42 44 37 

	
Dec 11, 2002 	

    6 12 14 22 33 21 

	
Dec 07, 2002 	

    3 17 27 32 48 1 

	
Dec 04, 2002 	

    13 20 21 35 40 35 

	
Nov 30, 2002 	

    1 4 19 21 29 8 

	
Nov 27, 2002 	

    1 20 25 40 53 19 

	
Nov 23, 2002 	

    15 16 19 21 49 5 

	
Nov 20, 2002 	

    14 21 22 29 44 3 

	
Nov 16, 2002 	

    32 33 35 40 51 1 

	
Nov 13, 2002 	

    18 23 31 38 50 20 

	
Nov 09, 2002 	

    30 36 38 40 53 8 

	
Nov 06, 2002 	

    9 11 12 17 19 23 

	
Nov 02, 2002 	

    8 15 32 34 35 34 

	
Oct 30, 2002 	

    9 16 19 23 41 12 

	
Oct 26, 2002 	

    12 14 27 33 39 41 

	
Oct 23, 2002 	

    2 14 18 30 31 36 

	
Oct 19, 2002 	

    4 18 20 25 42 29 

	
Oct 16, 2002 	

    8 11 24 31 37 41 

	
Oct 12, 2002 	

    23 26 46 49 52 28 

	
Oct 09, 2002 	

    9 10 38 42 43 5 

	
Oct 05, 2002 	

    14 19 22 39 43 12 

	
Oct 02, 2002 	

    2 4 5 38 43 34 

	
Sep 28, 2002 	

    12 22 24 31 35 8 

	
Sep 25, 2002 	

    1 12 23 36 49 9 

	
Sep 21, 2002 	

    3 11 28 40 45 33 

	
Sep 18, 2002 	

    6 27 32 42 44 10 

	
Sep 14, 2002 	

    5 14 26 31 40 29 

	
Sep 11, 2002 	

    3 6 26 39 48 28 

	
Sep 07, 2002 	

    6 12 19 24 34 18 

	
Sep 04, 2002 	

    15 18 26 31 36 20 

	
Aug 31, 2002 	

    12 14 22 29 41 41 

	
Aug 28, 2002 	

    24 30 36 37 38 42 

	
Aug 24, 2002 	

    5 10 18 24 45 20 

	
Aug 21, 2002 	

    1 6 43 47 48 36 

	
Aug 17, 2002 	

    3 26 33 42 46 41 

	
Aug 14, 2002 	

    4 16 19 33 41 29 

	
Aug 10, 2002 	

    11 16 21 27 35 31 

	
Aug 07, 2002 	

    13 35 40 46 47 35 

	
Aug 03, 2002 	

    13 19 24 33 34 41 

	
Jul 31, 2002 	

    2 4 6 22 34 26 

	
Jul 27, 2002 	

    2 5 17 22 44 30 

	
Jul 24, 2002 	

    16 19 22 34 37 20 

	
Jul 20, 2002 	

    2 3 6 13 26 10 

	
Jul 17, 2002 	

    10 11 25 40 45 25 

	
Jul 13, 2002 	

    3 22 37 42 49 8 

	
Jul 10, 2002 	

    26 31 37 43 45 32 

	
Jul 06, 2002 	

    2 9 27 36 39 13 

	
Jul 03, 2002 	

    7 19 38 48 49 10 

	
Jun 29, 2002 	

    4 33 35 36 45 22 

	
Jun 26, 2002 	

    6 9 17 23 24 14 

	
Jun 22, 2002 	

    1 16 26 37 48 9 

	
Jun 19, 2002 	

    1 3 4 7 11 23 

	
Jun 15, 2002 	

    7 8 16 42 43 15 

	
Jun 12, 2002 	

    13 18 27 39 49 20 

	
Jun 08, 2002 	

    26 37 42 46 48 38 

	
Jun 05, 2002 	

    1 18 21 36 47 33 

	
Jun 01, 2002 	

    2 6 17 19 27 2 

	
May 29, 2002 	

    18 28 31 35 49 13 

	
May 25, 2002 	

    9 29 30 33 42 27 

	
May 22, 2002 	

    5 20 22 23 34 19 

	
May 18, 2002 	

    2 18 25 31 32 1 

	
May 15, 2002 	

    30 33 36 37 49 35 

	
May 11, 2002 	

    3 15 16 36 40 22 

	
May 08, 2002 	

    6 11 25 28 34 35 

	
May 04, 2002 	

    6 7 9 12 20 20 

	
May 01, 2002 	

    3 26 32 45 48 6 

	
Apr 27, 2002 	

    1 9 12 18 33
	
Apr 24, 2002 	

    1 13 16 33 43 1 

	
Apr 20, 2002 	

    27 34 40 42 44 8 

	
Apr 17, 2002 	

    2 3 22 23 36 22 

	
Apr 13, 2002 	

    16 22 32 33 38 13 

	
Apr 10, 2002 	

    7 12 17 29 48 21 

	
Apr 06, 2002 	

    15 16 22 30 35 20 

	
Apr 03, 2002 	

    8 14 17 29 36 3 

	
Mar 30, 2002 	

    8 13 16 19 29 37 

	
Mar 27, 2002 	

    15 35 40 43 46 33 

	
Mar 23, 2002 	

    1 2 10 39 48 13 

	
Mar 20, 2002 	

    4 20 25 30 49 37 

	
Mar 16, 2002 	

    10 16 37 38 45 14 

	
Mar 13, 2002 	

    4 27 28 33 49 39 

	
Mar 09, 2002 	

    2 12 38 44 49 19 

	
Mar 06, 2002 	

    5 7 15 30 38 2 

	
Mar 02, 2002 	

    6 22 25 36 46 34 

	
Feb 27, 2002 	

    1 2 6 19 45 27 

	
Feb 23, 2002 	

    8 15 19 21 38 33 

	
Feb 20, 2002 	

    8 9 19 22 25 11 

	
Feb 16, 2002 	

    19 31 32 42 45 6 

	
Feb 13, 2002 	

    2 10 33 38 43 19 

	
Feb 09, 2002 	

    17 21 30 35 36 12 

	
Feb 06, 2002 	

    10 24 28 34 35 32 

	
Feb 02, 2002 	

    12 19 27 43 45 28 

	
Jan 30, 2002 	

    7 9 15 21 40 18 

	
Jan 26, 2002 	

    5 14 15 22 30 31 

	
Jan 23, 2002 	

    14 18 30 32 47 36 

	
Jan 19, 2002 	

    21 23 35 41 49 5 

	
Jan 16, 2002 	

    24 31 34 40 47 30 

	
Jan 12, 2002 	

    13 19 22 41 47 5 

	
Jan 09, 2002 	

    7 39 40 42 43 4 

	
Jan 05, 2002 	

    7 8 14 17 32 15 

	
Jan 02, 2002 	

    23 36 42 44 46 33 


Dec 29, 2001 	

    10 15 27 43 45 31 

	
Dec 26, 2001 	

    8 19 23 39 41 21 

	
Dec 22, 2001 	

    14 24 27 33 34 6 

	
Dec 19, 2001 	

    20 26 35 36 43 23 

	
Dec 15, 2001 	

    8 11 13 22 37 17 

	
Dec 12, 2001 	

    4 20 35 43 47 27 

	
Dec 08, 2001 	

    17 26 31 35 48 35 

	
Dec 05, 2001 	

    8 9 13 14 21 37 

	
Dec 01, 2001 	

    6 38 41 46 48 37 

	
Nov 28, 2001 	

    5 15 18 24 48 16 

	
Nov 24, 2001 	

    10 12 27 37 42 30 

	
Nov 21, 2001 	

    27 28 31 38 41 13 

	
Nov 17, 2001 	

    1 7 10 27 35 34 

	
Nov 14, 2001 	

    4 17 28 30 40 3 

	
Nov 10, 2001 	

    7 13 16 33 38 13 

	
Nov 07, 2001 	

    2 4 6 17 25 31 

	
Nov 03, 2001 	

    6 14 36 37 49 20 

	
Oct 31, 2001 	

    2 16 18 35 40 41 

	
Oct 27, 2001 	

    1 10 17 28 45 20 

	
Oct 24, 2001 	

    6 15 24 27 42 32 

	
Oct 20, 2001 	

    7 16 33 40 47 33 

	
Oct 17, 2001 	

    5 7 29 40 46 5 

	
Oct 13, 2001 	

    37 40 41 46 48 20 

	
Oct 10, 2001 	

    1 7 8 16 19 37 

	
Oct 06, 2001 	

    1 5 9 21 31 12 

	
Oct 03, 2001 	

    2 20 23 35 49 25 

	
Sep 29, 2001 	

    2 15 21 29 47 12 

	
Sep 26, 2001 	

    18 26 30 35 44 19 

	
Sep 22, 2001 	

    23 27 34 39 42 40 

	
Sep 19, 2001 	

    21 26 28 31 41 29 

	
Sep 15, 2001 	

    19 28 33 43 49 23 

	
Sep 12, 2001 	

    13 25 35 39 47 1 

	
Sep 08, 2001 	

    6 12 13 28 48 26 

	
Sep 05, 2001 	

    14 18 24 33 42 8 

	
Sep 01, 2001 	

    7 24 27 30 44 29 

	
Aug 29, 2001 	

    4 9 32 35 49 28 

	
Aug 25, 2001 	

    8 17 22 42 47 21 

	
Aug 22, 2001 	

    2 28 30 36 39 10 

	
Aug 18, 2001 	

    3 14 20 22 48 17 

	
Aug 15, 2001 	

    29 37 40 43 44 6 

	
Aug 11, 2001 	

    11 14 20 25 41 8 

	
Aug 08, 2001 	

    2 10 25 37 41 2 

	
Aug 04, 2001 	

    16 20 24 26 46 9 

	
Aug 01, 2001 	

    24 25 26 34 39 31 

	
Jul 28, 2001 	

    4 23 33 36 45 29 

	
Jul 25, 2001 	

    16 23 29 37 39 17 

	
Jul 21, 2001 	

    3 15 19 20 27 20 

	
Jul 18, 2001 	

    4 9 26 31 49 2 

	
Jul 14, 2001 	

    1 13 15 27 41 2 

	
Jul 11, 2001 	

    10 16 18 24 26 13 

	
Jul 07, 2001 	

    3 9 22 34 46 17 

	
Jul 04, 2001 	

    3 25 26 28 30 10 

	
Jun 30, 2001 	

    3 6 33 34 39 15 

	
Jun 27, 2001 	

    3 7 13 16 35 22 

	
Jun 23, 2001 	

    6 35 38 40 42 36 

	
Jun 20, 2001 	

    5 9 14 18 49 32 

	
Jun 16, 2001 	

    2 13 17 44 45 14 

	
Jun 13, 2001 	

    9 32 34 36 41 14 

	
Jun 09, 2001 	

    20 23 37 42 43 27 

	
Jun 06, 2001 	

    10 20 21 40 45 22 

	
Jun 02, 2001 	

    10 17 26 45 48 38 

	
May 30, 2001 	

    11 12 28 36 43 9 

	
May 26, 2001 	

    9 10 21 24 40 36 

	
May 23, 2001 	

    19 21 32 34 49 38 

	
May 19, 2001 	

    6 10 21 47 49 2 

	
May 16, 2001 	

    12 13 20 28 44 17 

	
May 12, 2001 	

    11 16 28 29 36 21 

	
May 09, 2001 	

    9 14 19 22 49 34 

	
May 05, 2001 	

    7 9 19 20 45 5 

	
May 02, 2001 	

    2 19 30 36 42 19 

	
Apr 28, 2001 	

    1 11 20 34 39 37 

	
Apr 25, 2001 	

    14 26 28 29 39 39 

	
Apr 21, 2001 	

    5 24 25 30 38 40 

	
Apr 18, 2001 	

    6 11 18 20 44 39 

	
Apr 14, 2001 	

    3 8 16 29 30 4 

	
Apr 11, 2001 	

    4 21 32 39 41 31 

	
Apr 07, 2001 	

    18 20 31 37 41 1 

	
Apr 04, 2001 	

    5 12 13 16 43 11 

	
Mar 31, 2001 	

    11 27 37 39 41 42 

	
Mar 28, 2001 	

    4 12 27 31 43 20 

	
Mar 24, 2001 	

    2 28 37 40 49 22 

	
Mar 21, 2001 	

    13 14 18 20 21 16 

	
Mar 17, 2001 	

    15 16 18 20 36 18 

	
Mar 14, 2001 	

    12 22 27 42 49 34 

	
Mar 10, 2001 	

    12 19 26 30 33 11 

	
Mar 07, 2001 	

    9 23 32 40 45 31 

	
Mar 03, 2001 	

    8 9 23 36 44 15 

	
Feb 28, 2001 	

    1 3 9 46 47 22 

	
Feb 24, 2001 	

    29 30 34 41 49 37 

	
Feb 21, 2001 	

    4 10 32 39 45 25 

	
Feb 17, 2001 	

    4 22 31 39 41 6 

	
Feb 14, 2001 	

    5 18 29 41 42 16 

	
Feb 10, 2001 	

    16 38 41 46 47 25 

	
Feb 07, 2001 	

    4 6 7 31 33 20 

	
Feb 03, 2001 	

    21 27 29 41 44 9 

	
Jan 31, 2001 	

    15 21 27 37 47 16 

	
Jan 27, 2001 	

    8 19 32 41 45 37 

	
Jan 24, 2001 	

    31 34 39 42 49 26 

	
Jan 20, 2001 	

    1 11 25 29 36 40 

	
Jan 17, 2001 	

    9 16 28 31 48 36 

	
Jan 13, 2001 	

    14 19 23 29 42 26 

	
Jan 10, 2001 	

    6 9 22 23 35 6 

	
Jan 06, 2001 	

    1 22 24 39 43 26 

	
Jan 03, 2001 	

    9 19 29 38 49 20 


Dec 30, 2000 	

    23 26 29 38 46 35 

	
Dec 27, 2000 	

    15 22 24 32 39 18 

	
Dec 23, 2000 	

    6 11 15 22 27 27 

	
Dec 20, 2000 	

    4 7 31 34 41 28 

	
Dec 16, 2000 	

    2 26 33 34 39 23 

	
Dec 13, 2000 	

    6 10 19 38 43 41 

	
Dec 09, 2000 	

    8 10 14 41 42 20 

	
Dec 06, 2000 	

    7 15 20 23 45 17 

	
Dec 02, 2000 	

    11 14 22 38 41 39 

	
Nov 29, 2000 	

    1 4 20 27 29 17 

	
Nov 25, 2000 	

    2 37 38 39 42 22 

	
Nov 22, 2000 	

    5 18 40 44 47 34 

	
Nov 18, 2000 	

    3 27 31 32 41 33 

	
Nov 15, 2000 	

    12 26 32 41 46 18 

	
Nov 11, 2000 	

    4 12 21 38 46 37 

	
Nov 08, 2000 	

    13 17 37 45 49 4 

	
Nov 04, 2000 	

    5 9 22 34 42 2 

	
Nov 01, 2000 	

    4 10 14 29 39 10 

	
Oct 28, 2000 	

    6 11 32 37 47 13 

	
Oct 25, 2000 	

    3 5 20 45 46 37 

	
Oct 21, 2000 	

    13 19 24 44 45 16 

	
Oct 18, 2000 	

    17 21 28 42 43 25 

	
Oct 14, 2000 	

    14 16 18 22 41 37 

	
Oct 11, 2000 	

    26 32 41 44 45 35 

	
Oct 07, 2000 	

    4 7 27 34 39 1 

	
Oct 04, 2000 	

    3 16 24 34 48 3 

	
Sep 30, 2000 	

    19 24 32 43 44 39 

	
Sep 27, 2000 	

    24 32 42 44 47 15 

	
Sep 23, 2000 	

    1 17 27 35 36 31 

	
Sep 20, 2000 	

    17 21 23 33 45 11 

	
Sep 16, 2000 	

    1 19 40 47 49 14 

	
Sep 13, 2000 	

    2 13 21 22 47 31 

	
Sep 09, 2000 	

    14 18 20 29 42 2 

	
Sep 06, 2000 	

    4 6 12 28 42 6 

	
Sep 02, 2000 	

    5 14 20 22 26 35 

	
Aug 30, 2000 	

    4 25 29 36 46 8 

	
Aug 26, 2000 	

    16 22 27 40 43 5 

	
Aug 23, 2000 	

    20 28 40 43 47 31 

	
Aug 19, 2000 	

    10 13 17 23 36 23 

	
Aug 16, 2000 	

    15 16 27 44 47 14 

	
Aug 12, 2000 	

    6 31 38 46 47 21 

	
Aug 09, 2000 	

    11 17 18 19 28 34 

	
Aug 05, 2000 	

    13 28 32 33 38 14 

	
Aug 02, 2000 	

    12 27 33 42 49 31 

	
Jul 29, 2000 	

    11 24 26 38 41 7 

	
Jul 26, 2000 	

    3 20 22 37 44 36 

	
Jul 22, 2000 	

    2 12 15 33 41 33 

	
Jul 19, 2000 	

    5 8 18 36 38 40 

	
Jul 15, 2000 	

    5 8 21 46 49 34 

	
Jul 12, 2000 	

    6 9 10 26 48 10 

	
Jul 08, 2000 	

    2 7 10 34 39 12 

	
Jul 05, 2000 	

    10 14 18 32 33 2 

	
Jul 01, 2000 	

    13 14 22 32 42 26 

	
Jun 28, 2000 	

    13 24 27 30 45 18 

	
Jun 24, 2000 	

    2 13 26 27 49 4 

	
Jun 21, 2000 	

    1 24 27 28 43 25 

	
Jun 17, 2000 	

    6 15 25 44 47 7 

	
Jun 14, 2000 	

    21 23 32 34 42 5 

	
Jun 10, 2000 	

    2 16 32 40 47 15 

	
Jun 07, 2000 	

    19 39 45 46 49 17 

	
Jun 03, 2000 	

    13 14 15 31 37 10 

	
May 31, 2000 	

    15 16 22 42 43 11 

	
May 27, 2000 	

    2 22 29 30 44 36 

	
May 24, 2000 	

    7 19 43 46 47 4 

	
May 20, 2000 	

    5 17 40 44 48 26 

	
May 17, 2000 	

    16 17 20 28 49 34 

	
May 13, 2000 	

    1 3 27 38 42 24 

	
May 10, 2000 	

    8 18 20 31 47 11 

	
May 06, 2000 	

    4 27 29 39 41 16 

	
May 03, 2000 	

    5 13 34 41 48 7 

	
Apr 29, 2000 	

    12 14 26 35 36 37 

	
Apr 26, 2000 	

    5 10 17 24 37 15 

	
Apr 22, 2000 	

    3 5 9 42 48 35 

	
Apr 19, 2000 	

    3 8 9 20 49 22 

	
Apr 15, 2000 	

    15 26 28 40 48 9 

	
Apr 12, 2000 	

    4 6 20 25 31 6 

	
Apr 08, 2000 	

    4 9 12 33 48 18 

	
Apr 05, 2000 	

    6 8 11 18 39 40 

	
Apr 01, 2000 	

    3 4 13 29 38 21 

	
Mar 29, 2000 	

    12 32 37 40 49 37 

	
Mar 25, 2000 	

    6 30 43 45 48 32 

	
Mar 22, 2000 	

    3 12 30 41 46 32 

	
Mar 18, 2000 	

    12 30 39 43 46 10 

	
Mar 15, 2000 	

    14 15 19 38 44 20 

	
Mar 11, 2000 	

    2 11 23 28 31 39 

	
Mar 08, 2000 	

    11 14 17 25 36 38 

	
Mar 04, 2000 	

    3 6 8 43 48 1 

	
Mar 01, 2000 	

    21 22 29 30 38 39 

	
Feb 26, 2000 	

    7 9 23 37 49 7 

	
Feb 23, 2000 	

    12 16 20 26 32 35 

	
Feb 19, 2000 	

    14 23 24 45 48 21 

	
Feb 16, 2000 	

    9 10 12 31 41 37 

	
Feb 12, 2000 	

    21 24 37 44 45 24 

	
Feb 09, 2000 	

    5 29 36 40 49 30 

	
Feb 05, 2000 	

    6 11 34 41 44 20 

	
Feb 02, 2000 	

    6 10 12 16 29 33 

	
Jan 29, 2000 	

    6 8 28 32 47 26 

	
Jan 26, 2000 	

    18 25 30 43 46 18 

	
Jan 22, 2000 	

    4 16 32 34 41 25 

	
Jan 19, 2000 	

    12 31 35 37 44 34 

	
Jan 15, 2000 	

    1 6 21 33 40 28 

	
Jan 12, 2000 	

    9 32 38 41 44 27 

	
Jan 08, 2000 	

    7 28 35 40 48 14 

	
Jan 05, 2000 	

    5 15 16 28 32 39 

	
Jan 01, 2000 	

    9 13 23 36 45 39 


Dec 29, 1999 	

    3 11 14 16 43 10 

	
Dec 25, 1999 	

    6 19 29 39 44 28 

	
Dec 22, 1999 	

    11 13 23 42 43 18 

	
Dec 18, 1999 	

    2 3 15 25 43 25 

	
Dec 15, 1999 	

    19 32 33 35 47 26 

	
Dec 11, 1999 	

    6 10 31 47 48 29 

	
Dec 08, 1999 	

    13 34 40 44 47 24 

	
Dec 04, 1999 	

    5 22 25 36 38 37 

	
Dec 01, 1999 	

    3 14 20 32 47 2 

	
Nov 27, 1999 	

    3 16 24 28 38 28 

	
Nov 24, 1999 	

    2 4 15 37 43 40 

	
Nov 20, 1999 	

    5 6 18 42 44 3 

	
Nov 17, 1999 	

    11 20 27 43 48 12 

	
Nov 13, 1999 	

    13 16 26 32 34 24 

	
Nov 10, 1999 	

    13 19 31 40 43 36 

	
Nov 06, 1999 	

    5 8 12 25 40 28 

	
Nov 03, 1999 	

    1 3 7 8 26 7 

	
Oct 30, 1999 	

    10 26 33 37 41 21 

	
Oct 27, 1999 	

    17 20 24 31 39 21 

	
Oct 23, 1999 	

    12 15 27 32 37 11 

	
Oct 20, 1999 	

    2 16 19 20 29 13 

	
Oct 16, 1999 	

    5 12 18 22 40 21 

	
Oct 13, 1999 	

    15 23 38 43 44 38 

	
Oct 09, 1999 	

    8 20 27 39 43 1 

	
Oct 06, 1999 	

    6 7 15 38 42 42 

	
Oct 02, 1999 	

    12 15 25 35 48 30 

	
Sep 29, 1999 	

    11 22 29 41 46 42 

	
Sep 25, 1999 	

    15 32 33 36 41 7 

	
Sep 22, 1999 	

    8 33 35 38 47 8 

	
Sep 18, 1999 	

    2 8 26 34 46 30 

	
Sep 15, 1999 	

    1 12 37 42 48 31 

	
Sep 11, 1999 	

    4 32 33 37 42 25 

	
Sep 08, 1999 	

    8 15 22 39 43 22 

	
Sep 04, 1999 	

    14 22 23 26 34 29 

	
Sep 01, 1999 	

    9 32 36 37 39 14 

	
Aug 28, 1999 	

    14 18 25 38 39 7 

	
Aug 25, 1999 	

    11 13 21 34 45 30 

	
Aug 21, 1999 	

    2 17 28 42 45 20 

	
Aug 18, 1999 	

    5 8 9 26 41 19 

	
Aug 14, 1999 	

    1 5 6 39 45 14 

	
Aug 11, 1999 	

    5 7 10 12 43 7 

	
Aug 07, 1999 	

    1 42 44 45 49 1 

	
Aug 04, 1999 	

    4 18 24 33 35 34 

	
Jul 31, 1999 	

    18 26 43 45 46 29 

	
Jul 28, 1999 	

    22 23 25 31 32 25 

	
Jul 24, 1999 	

    4 23 33 45 47 33 

	
Jul 21, 1999 	

    4 13 26 29 31 3 

	
Jul 17, 1999 	

    30 36 37 40 48 28 

	
Jul 14, 1999 	

    1 6 25 29 32 9 

	
Jul 10, 1999 	

    7 17 35 37 44 30 

	
Jul 07, 1999 	

    3 6 17 37 41 8 

	
Jul 03, 1999 	

    1 7 8 21 37 2 

	
Jun 30, 1999 	

    5 10 12 20 40 3 

	
Jun 26, 1999 	

    8 15 22 38 47 26 

	
Jun 23, 1999 	

    12 15 17 23 49 7 

	
Jun 19, 1999 	

    2 23 27 38 46 26 

	
Jun 16, 1999 	

    2 4 8 14 38 1 

	
Jun 12, 1999 	

    17 26 28 35 45 20 

	
Jun 09, 1999 	

    7 32 35 38 48 17 

	
Jun 05, 1999 	

    2 8 16 37 49 11 

	
Jun 02, 1999 	

    4 20 24 46 48 32 

	
May 29, 1999 	

    5 35 36 43 45 19 

	
May 26, 1999 	

    26 29 34 36 37 24 

	
May 22, 1999 	

    6 15 18 36 43 11 

	
May 19, 1999 	

    4 9 24 35 41 31 

	
May 15, 1999 	

    4 24 27 30 38 14 

	
May 12, 1999 	

    4 5 12 38 40 28 

	
May 08, 1999 	

    25 28 30 34 47 14 

	
May 05, 1999 	

    7 9 26 31 40 24 

	
May 01, 1999 	

    7 9 20 26 27 18 

	
Apr 28, 1999 	

    5 7 12 18 42 14 

	
Apr 24, 1999 	

    1 3 35 45 48 18 

	
Apr 21, 1999 	

    3 11 32 41 45 29 

	
Apr 17, 1999 	

    15 18 25 40 43 37 

	
Apr 14, 1999 	

    10 12 19 25 40 33 

	
Apr 10, 1999 	

    3 24 34 42 45 1 

	
Apr 07, 1999 	

    5 26 31 37 39 42 

	
Apr 03, 1999 	

    1 4 10 17 30 6 

	
Mar 31, 1999 	

    3 15 16 28 39 1 

	
Mar 27, 1999 	

    5 12 13 45 48 35 

	
Mar 24, 1999 	

    7 19 20 26 27 12 

	
Mar 20, 1999 	

    4 20 22 40 41 7 

	
Mar 17, 1999 	

    9 15 31 37 40 9 

	
Mar 13, 1999 	

    8 11 42 44 49 39 

	
Mar 10, 1999 	

    1 14 26 34 49 15 

	
Mar 06, 1999 	

    13 19 20 25 42 13 

	
Mar 03, 1999 	

    1 8 12 42 44 13 

	
Feb 27, 1999 	

    13 20 30 32 46 36 

	
Feb 24, 1999 	

    8 15 29 40 46 23 

	
Feb 20, 1999 	

    6 15 16 24 39 12 

	
Feb 17, 1999 	

    10 21 22 25 36 39 

	
Feb 13, 1999 	

    18 4 35 27 9 11 

	
Feb 10, 1999 	

    10 20 27 31 42 26 

	
Feb 06, 1999 	

    15 25 32 39 48 32 

	
Feb 03, 1999 	

    20 26 30 39 42 32 

	
Jan 30, 1999 	

    19 24 25 40 45 5 

	
Jan 27, 1999 	

    2 4 20 23 44 22 

	
Jan 23, 1999 	

    3 19 26 30 49 31 

	
Jan 20, 1999 	

    2 12 19 40 48 27 

	
Jan 16, 1999 	

    2 15 20 28 40 15 

	
Jan 13, 1999 	

    15 31 33 43 47 6 

	
Jan 09, 1999 	

    5 10 11 27 32 13 

	
Jan 06, 1999 	

    2 9 13 16 44 36 

	
Jan 02, 1999 	

    4 17 23 26 39 27 


Dec 30, 1998 	

    10 20 34 38 46 3 

	
Dec 26, 1998 	

    7 17 27 29 41 33 

	
Dec 23, 1998 	

    29 31 39 45 46 33 

	
Dec 19, 1998 	

    3 5 15 17 45 6 

	
Dec 16, 1998 	

    3 8 19 27 32 38 

	
Dec 12, 1998 	

    12 16 26 29 40 32 

	
Dec 09, 1998 	

    12 33 40 43 48 16 

	
Dec 05, 1998 	

    9 19 20 27 31 39 

	
Dec 02, 1998 	

    4 22 29 36 45 30 

	
Nov 28, 1998 	

    2 4 6 11 43 9 

	
Nov 25, 1998 	

    6 10 13 33 48 9 

	
Nov 21, 1998 	

    1 14 15 21 35 10 

	
Nov 18, 1998 	

    21 25 33 39 46 18 

	
Nov 14, 1998 	

    3 10 16 35 41 38 

	
Nov 11, 1998 	

    10 14 25 36 48 2 

	
Nov 07, 1998 	

    5 10 13 30 33 28 

	
Nov 04, 1998 	

    2 8 17 30 36 22 

	
Oct 31, 1998 	

    17 33 34 37 42 8 

	
Oct 28, 1998 	

    8 9 24 35 44 42 

	
Oct 24, 1998 	

    10 12 17 25 40 20 

	
Oct 21, 1998 	

    22 24 27 39 44 25 

	
Oct 17, 1998 	

    28 32 44 47 48 27 

	
Oct 14, 1998 	

    14 15 18 26 32 6 

	
Oct 10, 1998 	

    1 8 19 28 45 25 

	
Oct 07, 1998 	

    6 8 9 15 26 7 

	
Oct 03, 1998 	

    5 14 22 25 32 4 

	
Sep 30, 1998 	

    2 3 8 12 36 24 

	
Sep 26, 1998 	

    2 3 5 24 25 8 

	
Sep 23, 1998 	

    1 5 21 22 42 18 

	
Sep 19, 1998 	

    1 19 35 37 41 11 

	
Sep 16, 1998 	

    6 24 35 40 42 2 

	
Sep 12, 1998 	

    16 19 28 33 35 16 

	
Sep 09, 1998 	

    4 12 19 42 46 9 

	
Sep 05, 1998 	

    8 10 16 26 49 40 

	
Sep 02, 1998 	

    21 28 29 40 44 8 

	
Aug 29, 1998 	

    13 14 18 29 31 23 

	
Aug 26, 1998 	

    6 23 32 42 46 8 

	
Aug 22, 1998 	

    7 11 21 22 49 19 

	
Aug 19, 1998 	

    8 15 23 43 46 29 

	
Aug 15, 1998 	

    12 27 30 37 49 20 

	
Aug 12, 1998 	

    2 10 33 42 45 2 

	
Aug 08, 1998 	

    5 9 33 42 45 28 

	
Aug 05, 1998 	

    3 12 19 35 42 21 

	
Aug 01, 1998 	

    1 4 20 25 44 5 

	
Jul 29, 1998 	

    8 39 43 45 49 13 

	
Jul 25, 1998 	

    3 14 17 21 23 16 

	
Jul 22, 1998 	

    1 22 23 30 49 33 

	
Jul 18, 1998 	

    8 10 14 33 40 31 

	
Jul 15, 1998 	

    11 16 21 23 36 37 

	
Jul 11, 1998 	

    1 6 10 12 38 17 

	
Jul 08, 1998 	

    5 16 19 29 34 24 

	
Jul 04, 1998 	

    15 25 30 38 39 42 

	
Jul 01, 1998 	

    3 17 29 35 47 34 

	
Jun 27, 1998 	

    7 10 30 31 36 37 

	
Jun 24, 1998 	

    13 16 18 27 30 23 

	
Jun 20, 1998 	

    9 26 27 31 49 4 

	
Jun 17, 1998 	

    7 14 35 36 37 10 

	
Jun 13, 1998 	

    3 6 8 21 23 11 

	
Jun 10, 1998 	

    4 12 19 36 38 6 

	
Jun 06, 1998 	

    16 24 26 28 42 24 

	
Jun 03, 1998 	

    22 25 31 35 41 38 

	
May 30, 1998 	

    3 14 24 29 45 24 

	
May 27, 1998 	

    2 15 27 33 46 27 

	
May 23, 1998 	

    1 15 16 35 46 35 

	
May 20, 1998 	

    4 9 30 34 48 8 

	
May 16, 1998 	

    1 22 23 28 41 18 

	
May 13, 1998 	

    2 13 18 30 36 26 

	
May 09, 1998 	

    8 26 29 34 49 28 

	
May 06, 1998 	

    11 20 44 45 47 5 

	
May 02, 1998 	

    3 14 19 37 49 4 

	
Apr 29, 1998 	

    8 25 30 46 47 31 

	
Apr 25, 1998 	

    5 7 20 35 38 19 

	
Apr 22, 1998 	

    4 13 29 31 49 4 

	
Apr 18, 1998 	

    19 22 24 30 45 21 

	
Apr 15, 1998 	

    8 24 25 39 41 21 

	
Apr 11, 1998 	

    5 15 36 48 49 11 

	
Apr 08, 1998 	

    3 10 24 30 49 35 

	
Apr 04, 1998 	

    3 8 23 43 46 13 

	
Apr 01, 1998 	

    11 12 33 34 47 39 

	
Mar 28, 1998 	

    27 30 33 38 44 15 

	
Mar 25, 1998 	

    5 23 35 42 44 29 

	
Mar 21, 1998 	

    4 34 35 38 47 16 

	
Mar 18, 1998 	

    2 4 33 39 41 26 

	
Mar 14, 1998 	

    15 34 35 42 47 15 

	
Mar 11, 1998 	

    2 5 17 24 36 20 

	
Mar 07, 1998 	

    21 30 32 36 42 33 

	
Mar 04, 1998 	

    3 19 30 33 39 9 

	
Feb 28, 1998 	

    4 26 41 45 49 6 

	
Feb 25, 1998 	

    2 20 30 43 46 19 

	
Feb 21, 1998 	

    9 22 29 39 47 25 

	
Feb 18, 1998 	

    1 21 28 29 33 15 

	
Feb 14, 1998 	

    5 7 23 39 41 6 

	
Feb 11, 1998 	

    25 33 34 35 37 35 

	
Feb 07, 1998 	

    5 12 15 27 40 14 

	
Feb 04, 1998 	

    8 12 21 25 30 20 

	
Jan 31, 1998 	

    7 11 13 36 48 18 

	
Jan 28, 1998 	

    15 23 31 36 48 12 

	
Jan 24, 1998 	

    7 15 23 28 36 10 

	
Jan 21, 1998 	

    1 23 26 31 32 33 

	
Jan 17, 1998 	

    9 28 29 38 49 6 

	
Jan 14, 1998 	

    6 9 16 28 38 13 

	
Jan 10, 1998 	

    7 9 17 20 44 25 

	
Jan 07, 1998 	

    3 4 18 30 37 23 

	
Jan 03, 1998 	

    4 7 9 27 32 6 


Dec 31, 1997 	

    4 5 6 14 27 6 

	
Dec 27, 1997 	

    9 14 15 36 48 17 

	
Dec 24, 1997 	

    3 16 28 34 35 14 

	
Dec 20, 1997 	

    10 11 12 17 23 7 

	
Dec 17, 1997 	

    3 5 13 18 45 20 

	
Dec 13, 1997 	

    5 35 41 44 46 27 

	
Dec 10, 1997 	

    4 18 21 28 41 3 

	
Dec 06, 1997 	

    8 15 26 28 43 36 

	
Dec 03, 1997 	

    9 14 18 42 47 32 

	
Nov 29, 1997 	

    2 11 13 27 31 23 

	
Nov 26, 1997 	

    15 23 34 40 46 35 

	
Nov 22, 1997 	

    3 7 14 22 31 2 

	
Nov 19, 1997 	

    3 10 19 21 48 22 

	
Nov 15, 1997 	

    7 21 26 32 45 8 

	
Nov 12, 1997 	

    13 14 16 29 41 1 

	
Nov 08, 1997 	

    7 17 21 40 49 37 

	
Nov 05, 1997 	

    2 19 24 28 35 26 

	
Nov 01, 1997 	

    22 25 28 33 37 20 

	
Oct 29, 1997 	

    6 11 13 26 32 37 

	
Oct 25, 1997 	

    15 23 24 28 35 30 

	
Oct 22, 1997 	

    5 9 23 40 43 24 

	
Oct 18, 1997 	

    11 14 16 19 21 6 

	
Oct 15, 1997 	

    7 9 19 21 34 8 

	
Oct 11, 1997 	

    2 20 34 40 42 3 

	
Oct 08, 1997 	

    10 14 22 33 35 11 

	
Oct 04, 1997 	

    11 24 25 31 43 28 

	
Oct 01, 1997 	

    18 21 25 36 44 9 

	
Sep 27, 1997 	

    6 14 16 31 41 6 

	
Sep 24, 1997 	

    9 12 25 28 39 20 

	
Sep 20, 1997 	

    15 16 22 28 43 33 

	
Sep 17, 1997 	

    22 26 28 31 34 18 

	
Sep 13, 1997 	

    6 8 19 32 45 22 

	
Sep 10, 1997 	

    1 2 16 21 42 3 

	
Sep 06, 1997 	

    7 34 35 39 45 29 

	
Sep 03, 1997 	

    2 5 10 22 39 42 

	
Aug 30, 1997 	

    3 11 26 29 36 24 

	
Aug 27, 1997 	

    1 8 36 37 38 19 

	
Aug 23, 1997 	

    12 14 34 35 44 9 

	
Aug 20, 1997 	

    1 3 12 15 25 23 

	
Aug 16, 1997 	

    3 12 25 33 34 24 

	
Aug 13, 1997 	

    13 17 31 36 41 19 

	
Aug 09, 1997 	

    1 7 13 17 27 12 

	
Aug 06, 1997 	

    3 6 12 25 45 10 

	
Aug 02, 1997 	

    2 21 28 35 36 10 

	
Jul 30, 1997 	

    6 16 21 30 34 11 

	
Jul 26, 1997 	

    6 10 18 23 26 42 

	
Jul 23, 1997 	

    26 36 40 42 45 12 

	
Jul 19, 1997 	

    4 11 26 33 41 1 

	
Jul 16, 1997 	

    13 17 18 39 44 24 

	
Jul 12, 1997 	

    3 5 11 35 37 14 

	
Jul 09, 1997 	

    4 32 33 36 39 22 

	
Jul 05, 1997 	

    22 26 28 43 44 29 

	
Jul 02, 1997 	

    9 18 37 44 45 38 

	
Jun 28, 1997 	

    1 21 31 34 43 42 

	
Jun 25, 1997 	

    20 29 34 35 39 16 

	
Jun 21, 1997 	

    6 11 20 29 45 43 

	
Jun 18, 1997 	

    16 23 24 28 29 24 

	
Jun 14, 1997 	

    9 17 21 24 27 16 

	
Jun 11, 1997 	

    7 10 23 33 45 12 

	
Jun 07, 1997 	

    6 8 18 34 39 22 

	
Jun 04, 1997 	

    4 12 18 20 38 40 

	
May 31, 1997 	

    7 11 16 17 39 17 

	
May 28, 1997 	

    6 10 30 34 39 19 

	
May 24, 1997 	

    5 21 33 35 45 13 

	
May 21, 1997 	

    8 20 32 37 44 40 

	
May 17, 1997 	

    14 24 25 29 31 36 

	
May 14, 1997 	

    8 28 36 42 44 18 

	
May 10, 1997 	

    5 9 14 16 24 35 

	
May 07, 1997 	

    8 10 12 27 35 4 

	
May 03, 1997 	

    8 21 22 29 38 29 

	
Apr 30, 1997 	

    17 26 31 33 40 32 

	
Apr 26, 1997 	

    5 18 29 31 42 43 

	
Apr 23, 1997 	

    4 16 21 31 39 13 

	
Apr 19, 1997 	

    5 13 19 28 31 31 

	
Apr 16, 1997 	

    15 16 24 39 45 37 

	
Apr 12, 1997 	

    9 10 21 28 29 6 

	
Apr 09, 1997 	

    17 36 42 43 45 16 

	
Apr 05, 1997 	

    7 8 10 11 21 19 

	
Apr 02, 1997 	

    4 6 13 33 40 17 

	
Mar 29, 1997 	

    3 23 29 35 42 25 

	
Mar 26, 1997 	

    4 15 19 26 32 33 

	
Mar 22, 1997 	

    5 18 19 21 29 19 

	
Mar 19, 1997 	

    3 6 7 37 42 19 

	
Mar 15, 1997 	

    4 7 20 25 31 42 

	
Mar 12, 1997 	

    1 17 22 30 37 11 

	
Mar 08, 1997 	

    9 12 21 31 36 22 

	
Mar 05, 1997 	

    21 29 31 32 43 28 

	
Mar 01, 1997 	

    7 10 22 34 41 12 

	
Feb 26, 1997 	

    4 8 9 11 44 6 

	
Feb 22, 1997 	

    17 35 37 38 40 37 

	
Feb 19, 1997 	

    7 8 21 23 38 28 

	
Feb 15, 1997 	

    13 14 26 38 43 7 

	
Feb 12, 1997 	

    12 16 28 29 36 37 

	
Feb 08, 1997 	

    22 23 24 29 35 29 

	
Feb 05, 1997 	

    2 8 18 37 45 42 

	
Feb 01, 1997 	

    3 16 38 39 40 8 

	
Jan 29, 1997 	

    1 4 26 28 37 9 

	
Jan 25, 1997 	

    2 6 38 42 45 27 

	
Jan 22, 1997 	

    3 11 12 29 41 35 

	
Jan 18, 1997 	

    19 27 30 35 40 34 

	
Jan 15, 1997 	

    15 27 34 39 44 18 

	
Jan 11, 1997 	

    2 18 26 29 42 7 

	
Jan 08, 1997 	

    7 14 22 37 45 18 

	
Jan 04, 1997 	

    1 12 16 25 29 43 

	
Jan 01, 1997 	

    6 13 17 19 42 44 


Dec 28, 1996 	

    3 11 21 22 31 13 

	
Dec 25, 1996 	

    13 14 17 25 26 29 

	
Dec 21, 1996 	

    13 16 20 42 44 45 

	
Dec 18, 1996 	

    3 21 28 36 45 1 

	
Dec 14, 1996 	

    10 19 22 38 44 30 

	
Dec 11, 1996 	

    4 8 15 22 36 43 

	
Dec 07, 1996 	

    6 20 24 31 37 34 

	
Dec 04, 1996 	

    1 10 17 20 42 29 

	
Nov 30, 1996 	

    13 28 30 38 41 22 

	
Nov 27, 1996 	

    1 31 37 38 39 3 

	
Nov 23, 1996 	

    6 8 17 25 41 44 

	
Nov 20, 1996 	

    11 12 15 18 35 19 

	
Nov 16, 1996 	

    11 27 35 39 43 21 

	
Nov 13, 1996 	

    17 19 25 27 30 1 

	
Nov 09, 1996 	

    1 3 5 6 35 38 

	
Nov 06, 1996 	

    11 18 30 35 42 1 

	
Nov 02, 1996 	

    17 32 37 38 44 28 

	
Oct 30, 1996 	

    10 13 19 37 43 45 

	
Oct 26, 1996 	

    4 17 19 25 37 19 

	
Oct 23, 1996 	

    9 24 27 31 34 18 

	
Oct 19, 1996 	

    8 20 30 31 42 9 

	
Oct 16, 1996 	

    20 31 33 40 43 10 

	
Oct 12, 1996 	

    1 22 25 27 45 42 

	
Oct 09, 1996 	

    2 14 16 21 33 27 

	
Oct 05, 1996 	

    2 13 15 33 38 44 

	
Oct 02, 1996 	

    13 14 16 19 37 25 

	
Sep 28, 1996 	

    2 13 14 35 36 39 

	
Sep 25, 1996 	

    7 10 25 33 38 43 

	
Sep 21, 1996 	

    2 17 23 30 39 2 

	
Sep 18, 1996 	

    13 21 22 23 38 27 

	
Sep 14, 1996 	

    7 15 26 34 44 45 

	
Sep 11, 1996 	

    8 9 12 18 33 11 

	
Sep 07, 1996 	

    13 14 28 35 38 9 

	
Sep 04, 1996 	

    19 26 29 36 45 11 

	
Aug 31, 1996 	

    20 21 24 42 44 18 

	
Aug 28, 1996 	

    10 24 29 38 45 1 

	
Aug 24, 1996 	

    2 13 15 35 40 10 

	
Aug 21, 1996 	

    10 18 19 31 45 30 

	
Aug 17, 1996 	

    17 36 41 42 44 35 

	
Aug 14, 1996 	

    1 19 26 37 41 27 

	
Aug 10, 1996 	

    2 13 14 19 42 5 

	
Aug 07, 1996 	

    8 11 15 31 42 40 

	
Aug 03, 1996 	

    8 18 21 24 37 29 

	
Jul 31, 1996 	

    6 13 21 39 43 38 

	
Jul 27, 1996 	

    3 9 10 13 31 12 

	
Jul 24, 1996 	

    15 25 28 34 44 26 

	
Jul 20, 1996 	

    7 10 11 17 38 13 

	
Jul 17, 1996 	

    4 15 21 24 36 35 

	
Jul 13, 1996 	

    6 15 23 29 34 16 

	
Jul 10, 1996 	

    2 11 15 30 44 27 

	
Jul 06, 1996 	

    3 4 24 31 38 10 

	
Jul 03, 1996 	

    4 14 27 29 38 12 

	
Jun 29, 1996 	

    22 28 37 41 45 43 

	
Jun 26, 1996 	

    8 23 36 40 41 26 

	
Jun 22, 1996 	

    6 23 33 34 45 17 

	
Jun 19, 1996 	

    9 12 38 40 44 10 

	
Jun 15, 1996 	

    5 14 20 22 36 8 

	
Jun 12, 1996 	

    7 15 23 38 43 31 

	
Jun 08, 1996 	

    7 8 21 28 34 14 

	
Jun 05, 1996 	

    1 3 19 35 37 1 

	
Jun 01, 1996 	

    5 12 17 22 36 4 

	
May 29, 1996 	

    14 20 29 40 44 1 

	
May 25, 1996 	

    9 21 39 44 45 37 

	
May 22, 1996 	

    15 26 33 35 39 27 

	
May 18, 1996 	

    2 7 8 28 33 35 

	
May 15, 1996 	

    11 16 17 32 37 16 

	
May 11, 1996 	

    17 23 26 27 42 42 

	
May 08, 1996 	

    10 16 24 28 41 8 

	
May 04, 1996 	

    4 9 24 31 42 39 

	
May 01, 1996 	

    2 14 27 30 43 9 

	
Apr 27, 1996 	

    5 7 23 34 45 18 

	
Apr 24, 1996 	

    5 18 20 24 43 22 

	
Apr 20, 1996 	

    2 8 10 29 32 40 

	
Apr 17, 1996 	

    2 20 26 31 36 2 

	
Apr 13, 1996 	

    12 16 22 26 39 29 

	
Apr 10, 1996 	

    2 10 23 31 37 40 

	
Apr 06, 1996 	

    6 10 15 38 41 24 

	
Apr 03, 1996 	

    15 16 32 38 42 9 

	
Mar 30, 1996 	

    10 13 32 35 38 37 

	
Mar 27, 1996 	

    1 6 17 30 39 44 

	
Mar 23, 1996 	

    12 17 22 37 42 30 

	
Mar 20, 1996 	

    11 14 17 26 42 35 

	
Mar 16, 1996 	

    10 25 36 39 40 10 

	
Mar 13, 1996 	

    15 18 23 32 43 6 

	
Mar 09, 1996 	

    1 19 31 35 44 3 

	
Mar 06, 1996 	

    1 5 7 13 40 42 

	
Mar 02, 1996 	

    2 3 24 38 41 7 

	
Feb 28, 1996 	

    22 30 34 44 45 37 

	
Feb 24, 1996 	

    2 27 29 33 40 42 

	
Feb 21, 1996 	

    5 9 21 35 38 16 

	
Feb 17, 1996 	

    1 7 15 35 44 44 

	
Feb 14, 1996 	

    4 8 15 16 25 35 

	
Feb 10, 1996 	

    15 19 20 33 35 15 

	
Feb 07, 1996 	

    6 32 38 39 40 8 

	
Feb 03, 1996 	

    10 16 18 39 45 38 

	
Jan 31, 1996 	

    1 4 16 38 45 35 

	
Jan 27, 1996 	

    8 10 22 27 38 20 

	
Jan 24, 1996 	

    1 24 30 36 42 7 

	
Jan 20, 1996 	

    12 21 25 32 34 4 

	
Jan 17, 1996 	

    1 11 14 17 33 34 

	
Jan 13, 1996 	

    8 13 32 33 39 4 

	
Jan 10, 1996 	

    12 15 18 26 35 43 

	
Jan 06, 1996 	

    19 24 33 36 44 2 

	
Jan 03, 1996 	

    8 13 23 31 38 14 


Dec 30, 1995 	

    2 4 7 13 26 33 

	
Dec 27, 1995 	

    8 17 24 27 44 23 

	
Dec 23, 1995 	

    3 7 10 42 43 38 

	
Dec 20, 1995 	

    10 17 20 39 42 33 

	
Dec 16, 1995 	

    4 14 18 19 26 30 

	
Dec 13, 1995 	

    6 17 25 36 42 16 

	
Dec 09, 1995 	

    7 15 20 35 40 13 

	
Dec 06, 1995 	

    1 2 3 26 27 19 

	
Dec 02, 1995 	

    8 15 30 31 41 42 

	
Nov 29, 1995 	

    6 10 11 25 37 45 

	
Nov 25, 1995 	

    21 32 33 34 41 34 

	
Nov 22, 1995 	

    6 10 24 31 43 17 

	
Nov 18, 1995 	

    2 9 20 24 45 5 

	
Nov 15, 1995 	

    12 21 24 32 41 5 

	
Nov 11, 1995 	

    6 10 28 37 40 14 

	
Nov 08, 1995 	

    3 9 14 18 28 15 

	
Nov 04, 1995 	

    3 23 39 41 43 31 

	
Nov 01, 1995 	

    12 19 20 27 42 6 

	
Oct 28, 1995 	

    13 25 28 30 35 3 

	
Oct 25, 1995 	

    1 2 6 31 36 9 

	
Oct 21, 1995 	

    4 5 9 23 43 12 

	
Oct 18, 1995 	

    2 17 21 22 29 10 

	
Oct 14, 1995 	

    9 12 32 40 44 32 

	
Oct 11, 1995 	

    9 10 17 41 44 19 

	
Oct 07, 1995 	

    2 7 15 18 31 39 

	
Oct 04, 1995 	

    13 24 27 35 44 18 

	
Sep 30, 1995 	

    12 22 31 32 40 2 

	
Sep 27, 1995 	

    1 2 25 41 45 28 

	
Sep 23, 1995 	

    1 9 13 19 38 32 

	
Sep 20, 1995 	

    3 10 17 27 36 39 

	
Sep 16, 1995 	

    5 6 21 26 38 7 

	
Sep 13, 1995 	

    11 19 31 32 39 9 

	
Sep 09, 1995 	

    2 5 21 40 43 41 

	
Sep 06, 1995 	

    2 16 27 36 43 42 

	
Sep 02, 1995 	

    4 11 28 33 37 44 

	
Aug 30, 1995 	

    3 5 27 34 37 28 

	
Aug 26, 1995 	

    3 12 30 31 45 19 

	
Aug 23, 1995 	

    21 23 25 35 38 26 

	
Aug 19, 1995 	

    3 6 16 19 26 4 

	
Aug 16, 1995 	

    16 17 26 30 38 1 

	
Aug 12, 1995 	

    1 16 24 34 35 6 

	
Aug 09, 1995 	

    16 22 23 29 33 10 

	
Aug 05, 1995 	

    16 27 29 36 38 21 

	
Aug 02, 1995 	

    11 15 17 22 37 23 

	
Jul 29, 1995 	

    11 14 16 25 33 26 

	
Jul 26, 1995 	

    5 9 16 23 28 10 

	
Jul 22, 1995 	

    1 4 6 22 28 9 

	
Jul 19, 1995 	

    5 13 27 41 42 41 

	
Jul 15, 1995 	

    1 3 4 20 40 40 

	
Jul 12, 1995 	

    12 27 34 35 41 13 

	
Jul 08, 1995 	

    1 6 19 21 26 9 

	
Jul 05, 1995 	

    6 14 21 23 41 6 

	
Jul 01, 1995 	

    4 14 16 27 28 43 

	
Jun 28, 1995 	

    6 11 13 19 40 12 

	
Jun 24, 1995 	

    11 17 25 35 40 12 

	
Jun 21, 1995 	

    16 21 23 26 42 26 

	
Jun 17, 1995 	

    9 15 23 28 44 34 

	
Jun 14, 1995 	

    2 12 20 35 37 21 

	
Jun 10, 1995 	

    11 20 28 35 44 20 

	
Jun 07, 1995 	

    13 24 28 36 39 42 

	
Jun 03, 1995 	

    7 20 21 26 27 45 

	
May 31, 1995 	

    7 14 16 24 36 27 

	
May 27, 1995 	

    5 7 11 26 33 39 

	
May 24, 1995 	

    7 14 25 26 29 9 

	
May 20, 1995 	

    4 11 21 25 27 29 

	
May 17, 1995 	

    2 10 12 30 43 10 

	
May 13, 1995 	

    2 17 18 34 36 26 

	
May 10, 1995 	

    1 5 16 27 32 27 

	
May 06, 1995 	

    2 26 31 38 43 12 

	
May 03, 1995 	

    5 15 24 42 44 3 

	
Apr 29, 1995 	

    4 15 24 25 28 39 

	
Apr 26, 1995 	

    15 28 30 35 43 19 

	
Apr 22, 1995 	

    11 21 28 33 36 36 

	
Apr 19, 1995 	

    1 3 11 22 28 42 

	
Apr 15, 1995 	

    7 19 21 22 31 24 

	
Apr 12, 1995 	

    4 7 13 27 35 29 

	
Apr 08, 1995 	

    5 20 24 33 42 7 

	
Apr 05, 1995 	

    3 10 19 23 29 26 

	
Apr 01, 1995 	

    5 11 25 28 34 36 

	
Mar 29, 1995 	

    2 9 19 24 28 33 

	
Mar 25, 1995 	

    3 9 15 23 28 3 

	
Mar 22, 1995 	

    6 10 12 25 35 15 

	
Mar 18, 1995 	

    1 19 32 33 43 42 

	
Mar 15, 1995 	

    11 23 26 34 42 21 

	
Mar 11, 1995 	

    1 3 9 17 40 34 

	
Mar 08, 1995 	

    15 32 36 39 45 8 

	
Mar 04, 1995 	

    8 23 32 36 41 40 

	
Mar 01, 1995 	

    16 19 20 21 35 33 

	
Feb 25, 1995 	

    6 7 9 14 31 26 

	
Feb 22, 1995 	

    32 40 43 44 45 18 

	
Feb 18, 1995 	

    1 2 27 32 33 12 

	
Feb 15, 1995 	

    9 10 27 34 36 40 

	
Feb 11, 1995 	

    4 28 15 44 14 17 

	
Feb 08, 1995 	

    2 13 14 26 39 6 

	
Feb 04, 1995 	

    10 15 18 26 33 6 

	
Feb 01, 1995 	

    11 23 31 34 36 5 

	
Jan 28, 1995 	

    29 14 25 39 43 1 

	
Jan 25, 1995 	

    8 18 26 27 30 12 

	
Jan 21, 1995 	

    4 5 7 8 41 44 

	
Jan 18, 1995 	

    17 19 28 32 38 5 

	
Jan 14, 1995 	

    1 32 33 38 42 14 

	
Jan 11, 1995 	

    14 15 25 30 35 13 

	
Jan 07, 1995 	

    14 17 27 38 42 21 

	
Jan 04, 1995 	

    12 18 19 34 40 17 


Dec 31, 1994 	

    20 28 29 43 44 34 

	
Dec 28, 1994 	

    17 27 40 43 44 24 

	
Dec 24, 1994 	

    11 20 22 31 34 31 

	
Dec 21, 1994 	

    1 8 22 24 34 1 

	
Dec 17, 1994 	

    17 19 25 29 41 5 

	
Dec 14, 1994 	

    5 18 22 35 39 1 

	
Dec 10, 1994 	

    3 14 22 30 38 40 

	
Dec 07, 1994 	

    14 17 18 25 35 37 

	
Dec 03, 1994 	

    7 8 29 39 41 44 

	
Nov 30, 1994 	

    5 13 24 29 31 40 

	
Nov 26, 1994 	

    7 9 16 42 45 31 

	
Nov 23, 1994 	

    3 16 30 34 41 41 

	
Nov 19, 1994 	

    6 10 13 26 39 43 

	
Nov 16, 1994 	

    12 22 23 31 40 24 

	
Nov 12, 1994 	

    7 15 26 33 39 44 

	
Nov 09, 1994 	

    10 24 31 33 44 12 

	
Nov 05, 1994 	

    10 32 40 42 45 31 

	
Nov 02, 1994 	

    8 13 16 18 21 22 

	
Oct 29, 1994 	

    5 13 15 27 44 37 

	
Oct 26, 1994 	

    10 15 17 22 32 28 

	
Oct 22, 1994 	

    7 13 19 24 29 24 

	
Oct 19, 1994 	

    3 17 19 29 34 8 

	
Oct 15, 1994 	

    18 23 24 26 35 44 

	
Oct 12, 1994 	

    4 14 21 30 36 3 

	
Oct 08, 1994 	

    12 15 22 32 36 45 

	
Oct 05, 1994 	

    8 14 29 35 39 1 

	
Oct 01, 1994 	

    1 5 19 29 37 32 

	
Sep 28, 1994 	

    10 11 19 26 40 9 

	
Sep 24, 1994 	

    10 16 23 28 32 10 

	
Sep 21, 1994 	

    25 27 30 38 45 18 

	
Sep 17, 1994 	

    18 29 30 37 41 21 

	
Sep 14, 1994 	

    4 20 28 36 44 31 

	
Sep 10, 1994 	

    10 11 20 27 44 26 

	
Sep 07, 1994 	

    21 29 38 43 45 27 

	
Sep 03, 1994 	

    3 12 17 20 34 23 

	
Aug 31, 1994 	

    8 11 19 23 34 7 

	
Aug 27, 1994 	

    11 17 18 25 40 8 

	
Aug 24, 1994 	

    1 20 25 28 43 4 

	
Aug 20, 1994 	

    6 11 21 22 32 38 

	
Aug 17, 1994 	

    11 22 25 34 35 45 

	
Aug 13, 1994 	

    11 33 39 41 44 33 

	
Aug 10, 1994 	

    2 11 20 27 44 16 

	
Aug 06, 1994 	

    15 18 20 23 26 36 

	
Aug 03, 1994 	

    6 22 29 36 43 45 

	
Jul 30, 1994 	

    1 2 8 21 31 18 

	
Jul 27, 1994 	

    5 23 24 32 44 15 

	
Jul 23, 1994 	

    29 32 38 40 45 23 

	
Jul 20, 1994 	

    1 11 19 27 37 26 

	
Jul 16, 1994 	

    5 6 23 38 45 41 

	
Jul 13, 1994 	

    8 22 25 35 38 20 

	
Jul 09, 1994 	

    5 12 23 27 28 3 

	
Jul 06, 1994 	

    6 9 11 22 23 2 

	
Jul 02, 1994 	

    16 20 22 29 45 11 

	
Jun 29, 1994 	

    23 26 27 28 39 4 

	
Jun 25, 1994 	

    3 7 20 33 43 19 

	
Jun 22, 1994 	

    3 8 19 26 33 41 

	
Jun 18, 1994 	

    3 12 14 27 35 12 

	
Jun 15, 1994 	

    3 13 14 29 45 2 

	
Jun 11, 1994 	

    7 18 37 39 43 11 

	
Jun 08, 1994 	

    9 15 23 31 44 1 

	
Jun 04, 1994 	

    7 8 15 23 31 26 

	
Jun 01, 1994 	

    2 20 32 36 38 31 

	
May 28, 1994 	

    6 10 24 28 45 3 

	
May 25, 1994 	

    6 9 15 22 26 10 

	
May 21, 1994 	

    19 33 36 39 44 12 

	
May 18, 1994 	

    5 6 25 33 36 39 

	
May 14, 1994 	

    23 25 30 33 45 37 

	
May 11, 1994 	

    6 9 23 33 39 42 

	
May 07, 1994 	

    21 29 30 35 37 9 

	
May 04, 1994 	

    22 23 39 44 45 6 

	
Apr 30, 1994 	

    3 7 8 39 45 11 

	
Apr 27, 1994 	

    12 19 30 33 36 29 

	
Apr 23, 1994 	

    8 9 15 39 42 19 

	
Apr 20, 1994 	

    11 12 22 24 26 19 

	
Apr 16, 1994 	

    4 13 18 28 43 9 

	
Apr 13, 1994 	

    6 14 17 22 45 35 

	
Apr 09, 1994 	

    2 4 11 39 42 26 

	
Apr 06, 1994 	

    7 10 24 26 31 36 